64

27 116 19
3976 2891
2899 4777
4613 -4966
2264 895
7573 -5637
5509 -2780
1644 5638
1885 3952
1304 1436
1211 3298
6708 5620
3072 -3797
7796 -896
2220 861
7495 3125
1201 -251
7515 5760
9643 2756
4846 4641
1726 1297
1498 2508
247 4568
10914 1841
10876 3837
6027 1410
3958 3105
1728 -4306

22 830 11
2218 25817
11331 -28015
71064 31641
9995 15639
53374 4238
20166 38004
7484 -17080
49453 -13507
25286 -6766
81075 36446
2505 -10553
59384 12771
20372 24102
9128 12167
34077 39014
6863 -26240
74812 4906
73513 29243
31473 12548
73958 -37835
59260 35910
72577 38416

53 294 6
7285 9124
5126 -2604
28919 -481
24844 5697
20929 -9509
9532 974
23934 699
6137 -12357
29263 -10717
11644 9394
2792 482
13454 7767
11460 12893
9273 7664
7728 13061
11184 14542
23975 9375
12777 -3909
24598 5298
19320 5161
18419 2106
15374 150
27510 13605
11196 5617
29042 190
3763 -7919
8584 14355
21014 8931
24713 2260
23107 12158
21983 12031
9179 -11002
19220 6928
22225 5038
4144 11486
15305 11129
6441 10144
11438 4028
16985 -5594
12993 908
21060 -4567
14577 11851
16951 -1582
10242 6102
13676 -8879
25029 -13023
16590 13628
2381 621
15085 12059
20499 9596
8544 -7890
27495 9502
23974 -4631

83 284 72
16899 -8676
8536 12705
14718 6134
2180 7524
19888 8658
12357 11343
16093 -4642
22880 11538
24801 -7985
5324 3559
11978 -2002
18204 4702
19011 -13238
24191 -10308
30 -9040
11018 529
19396 -9438
22776 -11331
26839 -2363
7936 12964
26110 640
10940 12618
26857 2423
7699 3786
7950 -10329
5345 10359
18133 7178
24812 8926
14523 3303
15098 12494
6923 6231
10754 -493
13623 7985
23353 6443
13724 10694
15375 -4444
12265 -6341
2837 6827
9973 3239
12424 114
15516 1012
2826 7935
3311 -1041
18334 465
15286 9618
4949 5694
26743 -6870
14863 4935
20486 -4324
17507 97
10008 -12522
10305 13838
7836 13216
22562 2327
5382 -3013
3399 -4099
21957 -5600
4742 -495
15718 1158
1856 3996
28159 7304
5598 13864
23230 9969
9479 -158
5346 8520
17660 10455
22644 13854
14915 -7411
25711 8705
18956 -10223
24723 8631
23232 4943
24205 10541
6409 1923
23474 7954
9342 13300
15010 2561
21174 7557
25049 -8273
18720 5584
2047 -10340
13438 -3215
17150 12247

5 886 1
67764 43413
40162 40439
2966 44181
6581 3891
2901 -21018

68 980 32
94874 17439
67496 -39686
15010 -11676
87800 9778
2943 42551
13739 -22067
22296 17581
67163 28147
4902 10528
69626 -20429
39041 8977
83120 45204
39797 5052
30031 10414
38677 39566
57915 42510
27933 46601
92495 19898
67575 28413
64174 33315
78212 44293
63640 -34335
60744 -19455
18627 604
9413 20987
22266 10665
3701 9932
62284 37865
82395 32361
64287 1936
45509 -17111
13287 -36675
35117 -2316
97066 4412
2581 23039
38958 22804
33584 45071
77813 48772
52454 13056
60411 46451
54014 3091
91599 48600
31344 12888
20693 38357
70381 37423
32735 30356
54020 -20314
54523 -44251
38387 24064
63540 17870
7803 19634
28094 -24648
80405 -8599
48777 -30295
30540 41340
25459 13722
75098 46457
56213 41829
50384 -37705
32359 17444
66425 31984
2092 -30140
29350 48586
94966 30992
2006 -30769
18106 -12309
15168 37768
95834 5218

84 648 11
31867 6168
39205 -29279
18391 905
29681 23349
1666 8299
1039 20866
31239 1624
23495 -18530
3781 18450
11276 -21484
2864 17800
50388 -17267
63204 12425
34654 -19168
3897 16449
17660 -18115
14533 7507
29078 6346
10041 29841
56740 -21975
12407 21603
50506 12819
24709 30807
54662 -17563
60514 -19818
43184 -23715
59878 29727
30302 -11860
51576 8538
29535 6932
46046 -31272
3377 -32032
58684 6090
47608 -30799
41334 -9013
53175 25479
60875 3863
30873 31341
51464 -29243
61631 4372
61001 -1507
40790 3506
39739 27635
44604 21519
48534 -25080
20484 1614
54561 10741
35698 27568
34478 14393
7790 -1057
12375 -30288
25695 26489
45106 23232
30516 -18923
13291 -31127
794 3214
12913 -23698
44725 13459
8580 5109
9208 -7188
52847 14978
2792 15705
45172 9001
20975 10059
54259 8175
45108 -21466
46699 10613
31809 11878
31313 24203
20226 21135
7027 18695
41070 -6742
21897 9534
54048 10658
40878 -31634
42570 21093
44664 1401
60217 -4052
36831 -3462
20634 -23127
7767 -31705
10605 6332
31549 -3355
62551 25252

53 107 36
5125 -1330
8434 2152
10321 2666
9463 2635
1592 -767
6317 5201
4485 1518
8787 3425
5899 5026
4846 1828
4589 5157
7934 4932
6832 -2666
7595 -3289
6986 -3054
5681 -4646
7709 264
4344 -401
4484 3838
576 -39
8698 537
3925 5127
2821 2361
3350 4845
5648 1741
7797 3377
764 -3708
4510 1720
1581 1716
6832 850
6540 1426
1482 427
4440 4
1991 2825
7946 -825
8850 2125
319 4572
8240 -5336
4950 -149
2702 -1730
6342 3213
5410 -4403
1490 536
9770 628
3740 -3622
7440 -868
5150 20
4580 -1342
1378 4232
8725 -4834
3453 2187
9307 -3179
4466 -3239

33 560 22
42067 24702
36354 -13794
48566 -22434
10415 -27384
43214 21016
34194 22395
38339 -10972
46390 12625
50976 17085
12495 21203
23286 -3106
1896 21525
25230 -1880
36804 -26798
19562 9213
35654 780
32736 11326
53048 21666
3050 16408
1136 -15736
28276 -232
41211 23518
24932 1766
8037 -26996
16511 -12152
19380 3714
37574 15721
12393 20457
8649 -17505
54108 24908
23026 26044
13470 -26321
10145 -15884

17 399 16
17459 11753
36378 -6367
6576 4397
11892 2071
37116 12866
10877 -15215
23521 -3174
35884 -9750
34218 12522
21048 12168
35582 -19887
37031 17396
21301 8077
432 14653
27017 6596
4461 17964
22102 8891

14 799 12
4210 34299
39372 38669
79540 -3267
55724 25802
60106 -36383
62864 -22837
3686 -14369
21377 -30888
69243 -34802
28361 24504
77253 -12369
15262 5231
41710 4654
656 -32896

21 55 19
4257 2327
3632 -841
4521 -1329
3854 -1708
2100 403
4900 -2364
4367 2318
2105 -1932
5194 2244
2568 1200
481 180
2665 1687
838 -2569
5313 -1193
1545 2297
3097 -1250
4733 -650
3173 1869
3561 -1224
2570 520
757 -2690

74 59 36
547 -2239
3817 927
1141 1693
4731 2840
4741 -1939
2033 -2373
4221 2398
2361 2410
634 2782
4045 1789
4077 2127
5404 1027
1628 -1894
203 1387
2479 -218
425 2009
2197 -2394
4041 715
2526 -1429
5685 -2063
3534 -208
5261 2637
4083 493
4097 2122
3101 677
1527 -1508
3654 1933
643 2482
3364 -624
1975 -200
4015 2935
4132 1872
4495 1233
346 719
2316 218
1697 369
4774 1897
5617 2601
4939 -295
1727 -2011
25 -1036
2262 453
395 -1635
3600 1533
2884 -1879
727 -2547
1805 -2596
767 1471
4952 -2490
1789 2832
2863 2911
5810 1288
794 1902
1095 2298
5866 2948
509 1235
1647 -314
2091 471
4131 -1238
981 -1592
1472 1733
1114 2949
743 2859
3208 -703
4602 150
3945 -1418
1287 -280
1402 1927
4008 2370
4847 602
1396 2885
534 -1407
4525 2521
316 1617

78 214 50
5332 8979
19025 7576
5138 -5164
17940 -2018
16987 -6526
15767 2674
796 322
7088 7108
2333 4486
4530 4002
6397 6810
1945 -1443
20220 9768
5669 -4206
8769 -7099
8008 9038
5502 -3405
9322 -10553
19959 6941
525 4926
11470 -9456
19292 -5153
17229 7098
12837 1570
21324 -7240
11084 961
18219 8969
6714 -10123
4043 8746
7378 -2957
11172 -3483
12061 4253
7670 -8497
3138 10679
16404 -2116
12961 8392
2222 8777
4041 1248
12800 7962
738 7657
8831 4335
678 460
5976 -1821
2144 9492
1204 -8282
18277 3286
18571 1199
7588 -9774
1004 3115
3729 867
9937 1605
16050 6089
19961 6767
2451 -8395
4110 10539
9813 7395
2893 10624
7921 7795
1515 4684
2766 1340
10356 -5069
1355 -4306
527 9656
15543 3870
389 6321
11925 6083
13961 5196
8719 -8089
12944 962
2989 -8829
16039 -7247
9430 -6904
20288 8259
18142 8786
11488 9281
7881 5322
4198 6547
19011 -9809

81 1009 53
17053 13577
45315 16116
78083 6657
64712 -31237
40858 16075
28278 23268
67534 4906
40886 3387
40379 -9737
9087 -44549
34173 -463
54558 -39019
59447 33884
8847 11068
66033 25330
68352 37240
58893 -36571
49281 24707
80779 -15143
61309 -26574
55416 35662
87141 40887
24623 16047
43792 46546
50088 4943
29203 42028
85175 -9480
14687 17923
54836 38256
9686 18135
15449 46
60232 -26514
59501 34257
91340 8430
47609 23274
12170 -22913
13303 1666
60644 36391
22229 628
82340 5014
77213 14700
84025 -1202
56434 32486
96891 41537
70339 31977
27919 188
95879 -12358
1464 47163
96655 -6908
736 29137
34712 10577
37306 -8392
52655 41967
47487 -19003
65594 -14994
27215 5935
91403 33854
40632 -50335
62441 -1349
9867 -18606
22444 19343
86672 -25107
32037 11963
90890 -35670
51873 -3760
92441 -40406
65970 17171
86663 7674
13363 19358
41153 31350
50571 41217
46880 34713
27259 -20486
77092 -23575
62520 -35067
53884 36490
50153 49534
46308 36106
14863 21869
23527 6285
1084 -47438

60 946 50
28879 20291
77131 29803
37292 -22295
31462 6967
70303 28951
43770 -37305
10996 -28565
5626 25080
14424 -22208
53337 46292
60986 32443
29912 44974
87605 -27505
86791 1150
91311 32612
80188 -8315
57688 4785
85571 46734
72746 -5060
19132 19484
33110 25521
60543 -22859
15671 -5471
8719 -45777
78018 21620
57326 -18332
34247 34872
19900 45260
11414 19883
18268 45329
72169 -17161
76444 33924
44577 -47167
13860 46491
46707 -7910
87869 -22280
22869 -32306
51902 2905
22348 6457
43231 17871
73287 -19791
15254 44660
26341 10157
3209 -38386
65346 35899
82166 35306
70211 28576
56215 -4145
62103 39699
2371 45700
85353 -25283
29407 -34922
82533 2876
9297 -12870
69524 -16079
88382 34125
92247 5344
82668 -28255
48595 37170
94298 4673

98 340 46
32746 11450
19610 6610
17812 4143
32061 14840
28168 10116
22404 15099
15884 1946
23968 414
19252 3562
26071 -1460
14312 2152
5182 898
22421 -10860
22640 -11672
4385 85
5925 1606
7473 7010
8491 13246
9634 3215
14475 12819
13766 4891
27019 2203
17767 14737
23355 3159
22060 8799
26216 3536
5670 16814
2539 7287
19969 6130
19564 -15764
4310 13239
31307 357
18165 -728
16695 1495
5662 7851
22884 3263
3467 2832
21649 8502
9046 -11041
9263 -4363
14370 6927
29033 -11237
24434 8545
13345 62
28056 -16757
29304 -5419
13365 1655
12066 5123
33896 9772
20491 1819
10678 11082
18222 15804
16846 1190
9614 15976
24937 12321
26524 -6378
30942 1682
215 5399
24178 -465
25855 7714
460 -11205
10654 12235
19745 13457
11898 3656
28160 3622
15841 -11560
22178 -11436
6990 15730
25927 -15946
29682 13476
8224 -5331
19570 13143
5458 -14149
33970 7246
31155 2144
25071 3656
20668 -2498
12017 7676
11184 -5019
27712 -13946
19150 16980
5824 8204
30307 -1126
31798 6584
29559 13906
29233 1414
23342 9485
33182 -13153
15320 15523
27934 9707
28880 10771
33321 12922
8263 9098
17100 -12757
8786 10555
21128 -13466
1968 8699
7484 15042

77 228 65
11605 -9649
12219 -2183
9790 -4863
8239 -10536
15472 3400
20564 -3052
1422 3438
18413 9166
19310 86
3329 -6523
6456 95
19906 3052
1678 6624
14252 -5014
20431 4605
14669 -29
20173 546
20177 -1968
20775 -8982
1502 5492
3277 -173
7236 9381
4659 6487
3970 10917
6681 2369
1044 2752
12998 6021
11319 3395
21126 3524
17408 1500
2385 3002
13214 6279
19268 4868
13039 9527
20064 -4849
18470 2882
6022 6678
6942 8277
19597 10948
17695 626
4567 6634
12221 9019
14962 -10833
19972 -10053
15952 293
3285 309
22191 7379
1644 4753
7421 3047
14699 2596
4930 -8892
4193 2059
22476 -2880
16086 9194
14545 -6367
7238 2271
20762 5556
17010 7699
15559 9343
14733 5365
9142 16
3921 7698
9534 3244
5153 2920
3816 7607
2789 2104
3244 695
5701 -10057
2557 -7019
13409 2530
13106 5864
3462 -6358
22250 1631
16033 -11166
7535 -7671
12709 2839
14791 -5628

74 233 50
22497 2326
20687 -2885
7445 -4746
19354 1802
754 3464
9527 915
8307 -3100
21992 5786
771 -2847
9060 -688
20068 2410
22158 9060
9113 2249
22377 -9695
5473 -1551
8787 -2305
22172 183
19297 8490
16154 7182
10284 3756
14192 8618
9335 -1188
5026 -46
9972 4961
18383 4039
19312 5314
42 -9904
21508 8776
2475 -575
7430 -5079
10598 -11165
11175 2057
14002 7194
10676 571
20551 -6345
5234 1428
13399 4893
6755 -4935
22198 10596
6446 -1421
22613 8852
12469 7800
21474 7325
19593 9678
21750 4506
1724 9210
14902 -2794
13557 4543
16041 -7101
304 -5999
7383 795
12322 -7560
1155 4182
9661 9808
1212 6101
1644 -4552
6969 2078
17230 5331
14786 7238
2114 11629
17396 7735
17178 10921
12636 11593
9375 1098
3169 -6561
13625 -7773
22677 -9418
12973 4737
6171 10317
17019 9256
12814 11370
321 -1269
15311 -6797
16809 7783

12 135 8
1264 -5232
7696 6510
11611 6637
8866 -512
8450 5334
11471 4005
4114 -4171
9799 -94
187 -4255
2433 5866
7255 5177
7745 6441

40 131 25
6072 3500
9077 6016
2 -3468
9697 2541
9539 -3605
7768 2957
10857 -4644
8730 679
8861 -4237
9231 934
11514 -1109
1585 6533
12711 2510
10258 -2513
8452 -5660
2703 1451
4620 -2669
2765 -426
3400 2606
327 4269
6655 401
5900 4717
1414 6303
11922 -5914
6386 2425
9708 3679
11125 5734
11925 3804
11060 5921
3931 -2124
11012 2451
10879 2556
156 1258
5046 -2673
8398 -1495
6003 683
6277 3842
6330 1219
2440 44
1523 3906

88 79 47
610 -52
4567 531
4292 -2537
3592 -1085
2523 535
3188 2538
5359 -967
1502 948
2421 490
339 -3063
5768 -2720
5003 3330
1215 -999
7822 -1341
2815 1985
5850 -1560
7104 1800
7102 3210
1108 1764
2102 -1238
199 1577
6728 447
995 -1500
4248 3717
5087 -3640
565 -2505
1962 456
357 662
4194 3815
2192 1975
7862 1129
6014 -1329
4164 -157
5660 -2154
1241 2452
6282 -3590
5224 1207
478 221
6399 1580
1707 1824
7495 -1068
5831 2032
6669 146
376 1363
5624 3073
1527 364
3840 3698
6815 -1023
1756 -2503
4626 2004
7623 764
5052 359
691 3242
1433 -3013
678 -3390
5516 1114
6610 -3643
2028 -3533
5925 -2448
797 1256
1690 2934
664 -2658
3735 -812
1271 1503
1880 -3939
907 -1669
2631 3235
6379 -1945
1783 1026
3142 3001
6266 850
5800 2540
1679 3205
571 42
7805 -2316
353 1248
5446 -2156
6172 837
3450 -318
1985 2102
507 2296
1686 662
4680 3515
2279 -1244
3817 -1815
7024 1720
1616 3075
7056 621

46 164 44
11041 2895
4061 633
5173 -2340
9442 -7278
10303 -758
5181 -3637
5159 4606
9393 -6930
8914 8199
2405 3907
8551 -2632
16244 5473
16300 -7486
11571 -2411
988 3653
11770 5757
1874 -690
9053 3801
7405 -4994
13202 3660
3447 6065
10724 4368
10094 4213
342 2065
5700 3389
14696 4377
3699 5900
13984 -7774
7868 -428
13859 7833
4035 -2588
7884 6035
8971 359
12470 -205
11423 547
14084 4200
9236 -2496
16388 4147
10087 -7883
15645 -7551
621 2963
6366 4950
12227 4634
3754 -3357
6870 7628
6164 2651

88 542 13
1981 25723
15681 27064
8719 12103
32344 -26600
9453 222
27873 7040
3650 3767
28175 23422
4852 -8844
3226 5008
30499 20670
20655 24303
34515 14537
31090 -23256
7615 1400
22326 12505
10595 -14930
7091 -18581
50943 21308
21730 26161
21544 -3939
48423 -8990
7756 -4197
20790 13265
35698 18907
3446 26523
2062 23401
27403 8548
7389 -15640
21136 -14035
30104 -8665
36276 4761
29885 636
19650 -10045
41220 3735
46543 12334
41348 -17432
29287 19494
38534 21450
48494 3391
36945 -24527
8938 432
39328 9608
3336 14046
40451 6596
24441 -22368
31832 14711
22324 3512
28456 -5699
50275 18785
26559 13079
36357 22924
48443 4762
41822 -18642
40588 21978
26241 -8229
2226 5570
24805 -11955
45039 7179
41564 10188
35516 7915
31553 9027
11750 18284
5993 -12527
8484 1801
6244 -15289
20368 14430
38003 16656
37542 -16014
28765 -6853
5968 22969
34846 4285
44691 10390
17326 -23792
13591 2685
19738 -12822
31456 20718
29680 -13986
7984 -26542
26880 -9884
24940 -13201
6578 19169
33601 1468
20602 19059
38157 10937
43901 24528
9875 17167
46706 23175

56 835 23
39305 13892
12176 23022
68885 -35964
76336 29443
74879 546
38960 21400
75663 23707
71037 1208
5097 27486
9999 12342
79237 12298
49576 9853
2837 -33132
77366 29619
82306 22455
54931 13834
83189 -11045
75413 14310
50665 1847
42072 6944
69575 28045
78350 23782
8942 961
21829 14900
77012 19869
81198 18675
25591 1209
76896 898
61086 34561
79822 12828
27356 24252
79345 10327
50319 -5178
39809 25222
62857 5302
27341 40564
55722 38262
3811 -33205
17702 -26602
80288 15290
56771 11612
57036 -38968
69365 -4165
13094 12734
18442 21896
715 12355
37050 -39696
74282 11918
20826 26831
33051 -13886
69528 21776
32832 36797
54167 -10333
58974 37948
69083 9292
78006 38836

53 969 41
8490 6354
51737 -19836
85023 -33313
49572 -2766
4542 1294
90777 10526
59448 7493
57318 -21819
66890 7252
89463 -19461
90105 -27007
92229 -1199
5541 4487
88929 -6762
96516 7884
1887 26578
22906 34607
39019 -11308
14821 20176
47275 4318
3335 45331
76132 -38537
51043 48018
28721 -19262
7692 11291
11342 -25060
36638 -26947
83753 15555
6922 -6124
32301 35098
16091 48075
35378 -2961
73305 44795
35245 -47388
53520 -27659
49924 1054
46637 -12396
6208 -14736
107 15741
81072 -22664
90323 20667
75509 36758
74416 37838
92584 28395
39296 15191
25220 -20261
23939 35887
86663 -48226
86916 -5984
25366 -20243
46190 -18568
1379 -11991
35661 -4753

70 38 14
2168 1605
354 1854
1240 -474
713 566
3578 681
2408 197
1858 -864
65 -406
1813 738
1459 299
2995 1535
1895 1803
583 -1109
1799 450
1399 1163
343 1793
3507 -1254
711 -1212
1619 229
2749 995
636 554
2277 1649
3344 597
2030 1180
545 -1079
2861 1430
2242 1774
129 1481
1506 1144
1282 -1716
1546 665
666 1301
2795 -630
526 1026
3220 -1156
2008 1701
1002 -1615
3108 -57
2496 186
978 -1692
2767 -26
505 525
2640 1191
1107 1038
2553 1564
2481 -984
1236 45
3372 -1047
3704 1208
53 756
670 686
689 1553
289 158
2816 898
2700 105
3237 -1610
3489 1144
1898 480
1345 -52
3336 1856
2601 861
1344 484
1277 125
3101 414
788 283
312 -35
3681 1372
3250 -13
1078 863
3463 308

45 412 39
29810 -16697
5645 18241
23231 -871
16274 6924
24727 1264
32977 15777
26506 19210
16288 -2812
20378 -12643
7781 -1706
36521 9792
30933 19002
29812 -4048
23726 -6679
22375 2353
21796 11032
25982 2809
5431 8716
35440 8956
31993 -13286
8596 467
24040 340
8259 10674
36050 3838
7857 6965
41194 13292
15893 -19041
14004 -3823
29311 13807
9675 8047
20432 3393
8991 11989
22198 19981
9988 -7640
20731 7042
5858 14899
39547 19445
40752 14738
34865 12695
1064 5358
13483 -19585
10194 19417
13027 7808
3650 9406
5791 19394

78 617 56
60850 -10436
5799 -18085
60408 -18188
26816 18755
45069 7022
50911 1457
23686 -13201
61201 4930
7310 24932
45918 13623
33224 9249
36469 24101
22260 14753
59362 29163
33601 9981
47605 24200
34318 29113
2842 21949
11260 6302
53307 -13612
28943 28680
53514 205
34573 21526
34941 -28638
42332 -11152
36031 -13903
58634 30659
24466 18979
15231 21821
4472 17933
18664 25243
56957 23336
33156 15150
7667 -3725
38712 -23518
1406 4150
54914 25034
7524 21968
58987 15584
31511 -30816
2420 4438
35234 23102
12726 3211
18857 -21219
20992 28887
21328 -5899
22028 23007
26005 -16221
52357 23746
50645 5885
12476 6546
13345 24669
45066 29053
3664 -26632
47481 -30341
33748 20483
29901 26663
48022 17841
50877 28698
38551 -4208
30662 -24003
30728 -21332
18857 3827
28205 18044
4741 6560
33727 23191
39723 -10941
31091 9992
206 -27164
6057 -1194
3306 -24597
56074 9261
61047 24841
30953 -12848
31199 25906
5931 30647
38176 -18376
11414 27250

44 939 35
63148 -45251
79199 42558
24231 32016
9843 15592
12601 -10090
65470 9645
79530 18646
33381 -9527
777 17703
65040 -17270
30546 -22473
23052 38672
3419 -33323
27079 19956
4438 29800
49253 4803
13817 -23323
32710 18305
52002 14089
49190 14866
44679 42308
92078 -35257
77594 11359
50457 -24130
33409 13611
72957 18050
37251 29705
67374 5925
77603 -38635
58152 -6089
14225 8329
18321 -15410
46389 13589
56815 6635
50091 10142
57522 43552
50679 22609
15192 -22262
87693 42686
90513 35742
4144 -46944
46931 -23571
63480 -41893
57208 3734

100 891 0
20794 -24292
38644 13166
83170 16446
75784 6888
58287 42081
37321 -12347
83966 -23541
88100 38574
73722 3654
32984 22763
60900 37315
8375 13560
72964 12206
25041 6276
23759 42062
59625 11249
9712 8573
59743 -7991
48309 -11544
81127 -40716
4586 33702
74862 -5502
27934 18429
81546 -6845
88140 -31886
22532 -15647
25016 -35274
70626 -437
30790 -20182
13718 -28493
38513 20520
36870 25107
47433 10869
64272 43356
83176 35802
73332 39394
72060 17377
83332 2395
12496 -28471
31478 -19263
84162 -32981
57800 -31496
54419 23816
57883 26699
4134 -6424
15134 5052
65960 33834
68122 16795
5917 15579
21308 28076
8118 19556
69136 19171
7374 32421
38070 42291
60019 15626
76812 19760
26434 39446
27553 16307
57143 44431
65998 10350
63285 31659
7521 44329
24675 24365
73080 31740
38810 25260
9592 731
63310 32993
174 19429
1719 -6984
75890 24129
85069 1028
24320 -24315
45094 -31836
19059 -16513
8650 494
27106 39304
85009 -4346
70118 23106
64213 -27832
64106 -29551
15662 -20893
6995 16863
27245 1185
83788 1729
36493 -20788
34479 33990
70011 16547
84975 12456
22375 42576
23902 17689
75560 41797
66985 12909
1146 24456
85471 -7152
36640 6392
76215 2887
31036 37366
58066 -22830
68378 23257
68243 1082

37 916 9
52626 38048
20985 42285
80223 -44532
63899 -5555
70268 29296
33235 -41711
81111 4900
11113 5866
69406 35196
82897 41991
10852 36696
45313 43522
81526 -5460
71335 -39883
27929 -44735
83891 10155
36538 -30142
9639 19653
23127 30766
50803 8573
70727 32422
41337 30026
89031 29539
50681 19465
74178 45000
1987 -13881
58848 38725
16727 29463
55602 25854
31621 35733
57583 40736
54772 19864
57421 -2153
40906 45385
55877 37018
81004 -19596
44673 21584

85 163 62
388 4312
13454 6216
14695 -3087
310 -3673
8716 1347
840 1019
6265 5627
11723 7654
2306 6610
12052 985
15004 2685
5490 -3073
15413 830
12151 7375
1795 137
4924 1305
8671 2146
11267 -863
16046 -4436
13162 7344
14590 3698
15289 2402
10323 -345
2084 60
2740 4663
13770 6459
14126 3835
6439 4357
13513 8076
14024 7822
920 4685
15941 -3577
16095 2566
7323 5341
7441 7425
1316 -2618
13637 88
2973 -6666
6099 4956
7817 2771
13835 -495
14105 2017
15323 2260
7848 2055
13789 1229
9889 520
9825 1836
14719 7925
3240 3350
185 1299
9965 -1568
15774 7253
7850 5660
14020 -5285
3767 4984
12432 3075
4885 4815
12756 -7092
9886 5511
1034 1203
10182 1388
13196 3203
10923 -3280
1954 -2980
11115 -1302
13249 5069
9670 -1201
6469 -6688
6617 3747
8667 5483
12886 7119
8059 1001
1946 -6650
8666 1273
4673 3829
12507 7397
9458 4948
5351 -7070
7357 -5389
11169 4459
8220 5578
926 2164
13814 2675
13382 4621
14855 5138

14 596 0
14044 -21420
57080 -29030
33166 6081
39634 3690
824 3312
58818 -15184
39411 -28862
56328 25676
4627 -25558
4022 -114
46316 4114
27530 11910
10685 3142
19500 -6508

96 505 40
45049 12421
35682 -10889
7588 -21301
30582 9131
48341 7008
42372 -24183
3933 -9799
2627 16931
26363 616
29812 -2916
16196 -5609
22843 3760
22313 14192
11846 -132
19293 5464
14054 -6907
14977 24029
28695 -6314
13921 8941
37794 13657
48838 18219
20272 -12767
41859 -10360
47328 11026
38157 -22872
2669 16916
27480 9322
22324 2652
43034 6097
48615 23620
5703 10914
45904 9252
2899 4275
35776 24486
1970 21314
322 8971
29907 11640
36954 17472
9647 14546
17645 10683
25816 12400
43153 18104
27554 -17110
44629 -23611
12428 8887
22394 14460
23636 14782
2280 23041
15873 -9495
27836 19143
25463 15140
7092 -15707
43497 -11962
32240 14266
20649 -11997
39678 24425
27052 25171
31898 23557
4392 587
16422 16460
15602 19046
36488 22861
2336 -4704
17045 1303
44243 8293
35402 -3692
19694 21723
27028 1877
43857 -12127
36533 20121
22701 14895
49827 8849
16766 23689
23222 -775
41674 21422
12404 -15166
8306 68
2515 19762
26163 -21540
15772 -18499
6382 -8134
16251 5586
9176 -8515
28654 31
34777 23253
19342 -18030
7585 -8786
48204 -17092
50451 23209
25921 24123
41536 18247
40751 -24629
16758 19232
15188 -3158
38642 6562
30365 19691

35 771 25
64610 27619
9008 13475
13807 22626
59640 25449
26110 32638
75546 21891
73564 -9099
23086 -25337
22689 -232
29431 13699
25866 28606
55712 37319
36733 -28979
24149 -4236
38747 25326
47926 34088
20117 32535
75470 -28999
38315 34737
30146 18877
32248 30960
47826 928
68682 -742
59089 37475
43585 23075
49972 23272
26908 15300
11834 18069
56744 16440
76803 -37407
31021 11656
61107 -26556
4523 18484
29274 31268
40802 13258

96 941 17
83924 21917
13329 28425
56070 -45810
38739 34056
44621 -46260
50382 1031
79785 4188
5215 27113
20471 14488
11651 39542
76081 43015
85483 32840
15327 46169
63481 27641
78790 -38833
86456 36404
87409 12188
16078 -17375
93309 22591
28083 43062
4276 7663
28396 -9146
70779 20032
33616 7811
34667 24242
36749 8933
62521 -20791
21307 -14100
61133 -2630
46402 -1839
47138 2374
80714 26152
66359 -7499
71600 31228
2072 -37296
7953 -24913
6520 14612
61466 2535
72452 43345
4851 -10378
58516 -29232
27227 29320
35472 15934
4478 7696
64279 -32246
38913 -6771
81389 14724
90915 40746
56021 8112
42469 -5966
50794 10818
85271 22284
80197 21963
12251 -10385
48153 34365
61918 4545
62747 43458
19061 30747
85273 -14
67763 -28488
51937 -43409
84934 -103
59268 38324
41297 24421
47527 9124
13478 10227
41203 44597
54578 32746
9514 -24260
84018 15433
642 8598
33650 13485
88621 -23822
79379 36040
76954 2739
51527 -3217
69558 16695
63240 30351
84485 37879
40118 -19845
11613 29265
10759 29907
40183 -16507
74527 30530
43398 35311
89048 37668
85195 42145
39491 37105
92645 6245
59086 16133
61673 -9201
3148 40316
34996 4025
55835 44209
79413 44138
31610 -12938

89 557 9
1952 16034
10431 27577
17655 18325
53395 12561
50045 9685
51654 -22185
10143 -3231
27644 6616
22715 -19731
46231 -26593
12354 18800
8473 22754
23476 5335
47283 -22990
42307 -22688
47506 19035
52968 -16991
49368 1286
47309 3083
16087 25798
32752 16330
49145 2836
28163 11309
47593 8938
50859 2523
50463 16980
25448 8786
36901 8056
40236 -1725
16467 -21184
11497 11423
1432 -16326
26553 9771
18965 10085
10219 -3980
20508 -26989
49790 23754
22657 -21352
608 -4556
6360 -16942
592 7561
25511 -19059
37893 22493
1511 21196
53204 -14314
38328 24533
34241 19194
12362 -13284
18056 10093
21088 12704
7694 -19064
10626 19657
27334 19320
26276 -1513
29199 5026
35265 4532
35233 -17013
32708 23404
34739 7916
25863 124
26550 -23214
48298 -3059
36839 15687
48578 15171
46782 15600
45673 -18951
35908 26366
11577 7901
55042 -12760
55511 19649
49197 19664
36691 18364
43506 12964
137 21953
15493 -14832
39385 7916
50438 -27741
31197 7949
49724 21528
42527 -20871
30694 22684
25925 18183
34841 27025
7232 -16833
50924 -16970
2166 6615
7625 18150
20985 14890
49107 18237

14 515 2
25166 -7740
35269 -21337
36436 1412
39658 -9805
28315 -22987
35539 16511
753 13230
38267 -6005
33360 24042
3526 18799
20129 11329
24265 10746
10978 20265
7626 20053

14 871 10
56832 22928
70573 -40870
14154 19323
51224 13842
35556 -34105
51333 25481
5844 -40262
40172 -26027
44004 30955
79174 29531
60458 1380
5373 -25064
84842 8537
83704 33093

69 1012 41
41959 28376
94896 37409
16000 -706
23807 -38778
39579 -47282
8580 2409
60701 -19019
84347 35792
67538 -16186
62933 -37343
50412 24711
5404 16070
51525 40718
95801 -6118
78611 10277
35749 49856
81504 7837
24448 48890
31635 12390
30443 -9680
77275 2365
71620 33130
35720 18886
49901 -19811
60765 14412
54390 42424
97986 7925
76175 19181
70550 -43629
32020 -5017
37849 35460
71052 42487
63421 12907
92860 28979
62328 8633
11404 -18798
69518 -2941
75322 -30679
73868 5654
31494 -5956
73037 37976
66159 -5577
58518 26029
20089 -19202
46672 41814
96031 -2942
1515 -14347
7733 33265
37933 -38339
22549 41959
73578 -3205
65893 25642
51468 -41201
46375 29472
18962 49561
72252 25985
77883 -20816
94546 2683
97215 -10417
74888 -48350
642 -651
33174 -23629
41135 19275
48650 20143
47380 46870
99653 15233
96024 17237
86365 24873
64444 -18219

35 69 3
1926 474
4812 -3417
6252 941
1415 578
4740 928
4149 -9
3675 664
36 3440
2214 -105
1946 150
3577 -1833
5642 211
1682 1574
1766 -828
1472 2145
311 -3435
5939 587
4241 812
1113 -750
720 -2866
4153 1362
555 -1391
1348 -134
6071 1816
1274 34
6739 1506
2517 -1719
5186 -661
963 -1354
3691 2369
1255 3089
2480 244
5279 -799
5260 -2049
486 1122

98 553 16
41953 22588
6818 -3105
18085 23744
36216 19359
16661 12450
23250 14555
51072 -2185
46011 2416
3837 11228
9521 -10817
36474 5119
1941 19423
27313 -26241
29953 16677
5437 -6495
49765 4409
21844 8911
30075 -4683
50129 23045
35683 8134
7274 17655
18522 26479
53514 -9672
52565 -9336
45318 20541
6229 -25978
24626 20443
26691 23540
21236 25965
54249 -2046
9431 10080
39336 -26256
21434 17128
29112 24244
24537 -21509
5623 -20429
50920 -26659
45600 23635
16928 -3928
24039 -6416
21156 -5365
7256 23698
3028 -16636
35787 19323
42689 -20785
29171 -26574
8447 13449
20165 -9069
2549 -8271
42279 25199
45691 -2841
1311 5249
20457 12505
45099 15533
35950 4922
832 1213
20024 -2735
7550 20084
44459 12600
4834 -15149
16028 -11030
14369 10323
38249 -11634
53801 13343
16091 3142
41506 11442
25071 12274
17704 -4648
8763 -21101
52672 -19162
44121 5248
40820 21276
31275 -16898
18516 8749
38330 7250
4057 4593
36721 18450
15421 15871
34372 14827
40821 -23591
39553 -20963
20957 18686
22898 13108
10531 -16734
28957 7600
40076 -27182
44722 3589
7619 -21562
28168 -9334
40230 16056
11141 10479
30979 22382
21317 24592
20404 -1092
7994 20525
36729 3084
19712 24413
55118 22737

7 978 6
25780 40627
14619 4909
50099 34450
77236 -9082
93560 -47399
80185 8756
95845 4402

32 799 24
74307 24495
4605 27565
79112 31718
39747 14498
11619 -6870
49084 9319
25942 21507
14027 -4018
22896 20105
68979 3752
13501 30096
47629 24504
49037 17761
6053 16973
74972 5423
66021 -5694
40422 -14828
24930 820
31141 14847
65482 -26396
33071 -15475
28224 28976
15146 -25307
45169 34394
42111 29100
37025 24172
53447 -38896
33936 28020
11835 13000
44785 -4191
45185 18376
30139 -11497

22 973 14
996 39270
38712 17591
13721 -44854
74309 -41130
13270 17127
37630 34065
39686 -24101
7817 31088
28876 40123
31044 -7712
21207 39568
75922 16566
70562 -6628
43747 20350
20453 -22011
48409 35281
25408 263
12986 -39949
57408 23768
93356 28646
22624 -11041
67437 -8250

76 58 11
5350 -2637
4327 1284
3917 1389
5012 550
2793 159
3849 1345
3567 1805
1307 162
513 1038
3450 2276
1987 631
4938 181
72 1608
1619 877
4366 89
1734 2882
5346 -2083
3151 1002
3356 -2309
3189 2823
5658 1625
3612 -713
4108 1003
5154 2227
1711 2098
5413 1817
4524 -651
3798 197
1210 -1600
302 2056
1773 2345
2829 2204
5494 1168
3237 628
3373 2882
591 -1693
5693 2458
198 1183
3964 2081
105 1543
3671 97
403 -122
1037 51
3303 2646
1867 1235
2248 1708
380 2299
2761 -445
942 -643
5231 -2859
1418 1216
961 -1987
1673 2390
4165 -1680
1991 2083
1511 -2202
5794 1550
5459 -1930
5458 -1791
2351 985
3394 -416
3406 1835
1722 2796
2684 2721
233 1086
4694 178
2755 2841
1260 2835
1561 2495
2972 -405
4448 1008
1515 -1502
2720 -2009
2110 831
682 1768
2609 -253

49 971 40
61740 29653
68089 42813
36424 -5876
61775 34999
28513 47349
49299 -26114
86907 4986
64754 -32996
34830 43631
63048 22090
64202 39375
42954 32517
26612 -3507
65478 39931
66898 -33108
42280 -13071
13545 -42322
15278 12082
71116 28286
57803 -43068
25592 9017
44649 -4621
69583 47575
80965 5589
22549 22517
18748 20818
68484 -43050
82619 8045
91834 -3275
83044 -25841
36577 -35094
51129 40639
20639 36738
58581 9221
32532 41637
68103 44138
77399 -14336
30179 -34271
11245 48292
15332 43026
28435 8922
74662 45499
2766 28031
33559 28622
95324 38653
3755 -22635
12240 22141
77320 2440
77077 32620

18 704 0
38619 33249
51951 7585
56073 22599
64217 -917
20748 -7428
58071 27453
2379 -11560
43511 -13901
3736 30173
68439 -1351
5764 29027
43589 30398
56099 9901
68929 30774
28113 -24592
35934 8092
696 30964
68350 31295

59 1020 49
101073 15294
71866 7085
86549 8850
76230 19391
75181 -9291
67160 27420
83792 10685
31632 10771
67678 1419
68345 18922
93515 7899
32464 -6972
86259 1190
96707 10091
55881 8674
25248 6207
35411 -22367
59338 4159
52160 -9143
16892 25821
21271 16518
83736 -8033
2050 40497
41756 -49108
64105 17167
87227 22049
94386 20649
87964 5060
29666 13398
67938 -38910
87461 -29154
87308 50426
61698 32162
97179 7564
12686 -22673
87400 -9130
82481 -45357
81721 11095
63456 -21412
95365 -78
41793 17017
20606 2478
39916 12139
30687 22837
11978 42368
15317 4054
90306 13806
92706 45287
57505 49360
85565 35168
91780 -28534
97421 19327
30928 -39933
74000 2201
88744 32889
61619 -44867
2204 -33536
4884 -21842
2328 12549

7 862 2
9438 15371
27056 -18504
68765 10377
10511 6806
35377 18006
35049 2750
70727 7370

27 129 16
12017 -262
12110 4840
6590 138
9648 -5326
3140 584
6385 5649
9571 262
2176 5341
8517 -4390
10601 -3467
7938 4659
9029 -3776
2396 1689
2666 -531
3814 -3729
7420 5571
10632 -5506
5347 879
2131 1757
6242 -3825
2866 228
10781 1717
4636 -2998
3817 -4096
2285 313
12853 2829
3035 2502

35 205 23
11674 9481
19908 7215
3001 -159
12874 1877
19487 5308
19980 796
18155 -3066
16700 2601
4855 1656
7339 -1293
2033 -4302
9550 9828
7100 -9236
17664 -1987
20481 8714
2143 7701
5719 1033
15025 8939
1185 9241
6532 3846
15212 5037
357 -7071
13 223
7694 7323
18638 8590
20129 -2423
14435 4566
5195 -36
7862 8913
5674 10099
1640 233
13582 5195
8113 9654
8734 9667
7818 963

53 113 23
6677 4933
8787 5318
9740 814
3491 2328
10131 3502
1043 -1592
8580 4876
9242 -3692
2747 -4876
7575 4696
8721 -752
4354 4031
4050 1518
3147 -2210
3877 2303
10856 -1135
5389 -4430
6241 -3962
5006 4156
5028 3505
7730 2032
1053 5104
3092 3808
1809 2208
630 5355
3295 -184
5187 5390
1722 5129
8784 -2322
194 -3930
258 3308
4354 5389
9969 792
8746 -3885
4176 2296
8644 2927
591 572
2151 109
4469 -4084
10292 -1568
4596 -4014
2858 -874
2676 5229
1304 3898
10937 -3596
6056 4374
6565 -1718
8805 4562
7717 1063
1512 -2134
2013 -1126
1107 2325
6643 5183

11 89 5
6739 16
4838 4056
4059 4362
6642 -230
3009 4335
6796 -5
6149 -3367
927 -4232
6983 4439
4840 1684
7242 1103

43 569 17
23467 27130
10476 -16940
47251 22134
5559 -9794
40646 -892
27256 1144
49752 19521
22109 19656
20733 18796
33265 14191
34910 312
38036 -3031
42198 21210
1117 19263
54953 -4074
27823 -16271
3382 22779
31078 -23333
11377 -24695
20818 -24680
8192 1046
12506 -15208
18207 24794
41403 10093
8592 11210
41527 16966
37083 16339
52296 19722
44809 -1602
15361 -12979
30079 5347
19379 13540
29889 5298
10464 2757
23564 23413
52934 -3555
27436 24335
32974 4518
34756 7616
32769 3227
3378 26290
17645 27920
35959 18849

92 996 25
85186 20555
61223 -32119
11000 15306
90750 42594
77605 16668
3688 45777
16619 -446
11842 8625
54416 -46122
82947 -34481
26343 19799
98844 5385
26383 8761
38442 19761
63917 2863
86970 30668
20966 34357
67931 1176
53246 -4971
45452 -9587
366 -34686
37199 3181
81290 -44177
68375 20760
72129 9402
63812 23520
47894 -2842
40600 15760
21581 33892
78796 37338
97961 24943
72712 17261
48176 4660
43401 28102
41490 -46677
12399 11159
67465 25171
24107 15217
77273 6018
82177 -19551
14120 48547
98643 46909
28144 11973
20158 10350
21574 3951
88262 37393
344 -49792
77587 17657
89122 33717
88196 -3342
4564 27671
37794 33743
17835 24739
25979 44835
22952 15193
88932 28719
64387 17381
13308 17726
59799 -45513
26242 -26988
82984 15584
37235 12100
45211 41846
63538 1834
27968 19765
71543 -42717
15511 -24001
18889 -38588
97735 43849
22476 4048
66440 22242
36499 -5626
39346 -34813
78980 30225
75959 -35915
51858 14083
94939 35826
89849 43290
30673 -12379
98085 2466
73433 -16894
52834 25486
74081 12186
47362 43484
90208 -22864
18323 40975
12191 -43034
44647 -30325
21353 12526
93659 -43200
88607 33637
81134 -49223

58 989 43
86192 -11888
45125 3250
38640 20760
30634 33885
6718 -39726
17381 34675
77715 47178
12791 49439
12105 -21199
43358 -25233
85842 -39760
25543 8555
90571 4230
67085 -24372
22376 5557
41741 43227
96559 -42111
9166 20926
85044 15219
44431 -8826
96108 2734
2685 39127
59874 46172
33550 19345
46952 -36980
45579 9906
54389 33149
32237 -12310
12785 21476
69 38572
76564 33553
93665 30761
65547 -14948
92753 25372
76066 9472
84108 37926
4410 -15558
75489 20497
13438 34236
59113 -28524
58072 28593
28211 6257
93971 -31975
12229 48072
16916 41925
62462 -19091
91707 35251
65314 39661
60398 47203
26107 11191
6871 -20854
67846 -10978
75822 -39189
90673 34261
16096 -46490
59847 13956
69707 -8470
32116 1277

45 518 1
19031 -21794
51044 3701
49718 13524
18416 19871
48787 4845
43086 -23018
17425 23766
49866 20366
49371 -4573
19080 18889
7929 -3600
7185 -11583
27970 25679
31843 23598
10330 5066
6610 -2053
12046 19239
37104 25617
7240 -23683
28572 10206
19899 -3387
40827 268
12431 -7453
44659 -9524
29932 -4419
27175 3701
11237 10311
15665 -11309
39518 11466
30460 7658
39855 -10331
23885 -4330
33594 8209
15102 9592
27575 -2451
5154 6483
42725 -22611
2312 22800
26335 12566
8765 284
50185 19697
14174 22604
468 20589
37038 17235
327 -6437

66 26 35
1727 -771
847 96
680 309
524 44
2599 1261
2404 747
2222 273
1381 1041
1843 979
988 958
1697 -479
1358 259
1685 458
1348 1138
2209 363
1625 362
1131 819
824 441
2206 1174
854 417
2225 106
1092 -1155
921 565
1446 950
632 998
570 -1259
128 285
80 116
1662 -292
2251 1198
2023 104
106 -1029
1899 -174
1578 1095
325 1241
1386 1225
1966 495
1039 1276
2587 56
5 -418
128 721
759 796
654 254
852 -853
748 484
1903 161
744 247
352 -265
1553 656
56 1296
611 -1
900 -781
63 -240
1621 -247
1172 1099
1949 547
1273 502
1873 1246
1229 -951
355 556
855 612
2152 575
1103 176
1559 -239
2500 -561
1001 -1085

35 617 20
8967 9959
55341 -13734
23311 4315
8134 6921
2291 13028
26688 10480
51984 5985
7279 -19995
12125 -22845
38573 -14946
58068 26398
28366 20218
51868 13859
4634 -6321
24124 30157
58741 -1598
58650 13138
59820 3422
20376 26403
48618 7678
9971 254
31057 27472
10461 24989
43337 -9
27542 -4644
22228 13620
38601 10661
13269 -7612
41632 -21434
23795 -10960
47505 13580
14585 23552
57225 8611
45039 -19072
16459 16412

5 705 2
9493 23684
64778 -31285
15167 -13356
69037 3940
11160 -15736

44 356 22
8945 1929
34494 -15406
28786 12545
10851 10857
28277 11141
27567 -186
30293 -17664
26580 -13032
31998 6321
26369 -3181
30852 -10040
21760 -16337
5281 15231
21307 -5770
11118 16621
10566 -6650
31420 13769
29265 8462
32296 14595
9223 8345
5878 14266
30444 6871
31955 8183
6075 13464
6488 -16972
9735 10290
27998 408
3246 14028
17766 7694
2516 -1742
27610 10965
15642 -14196
16257 9040
22642 -2747
4752 6174
11312 12662
13841 4597
22184 -12147
6875 12745
15062 12712
22364 12580
33889 -4591
197 17585
33370 16042

3 9999999 2
0 0
99999999 99999999
-99999999 -99999999
