100
1232
1
77357
97935
65950
18368
41786
4300
10577
87844
34565
6159
13501
47059
50679
96204
31979
17989
55299
90530
49870
37389
48323
8828
60031
36805
56374
13800
54570
11228
88570
26766
18436
34905
92445
15733
21377
66503
43896
34337
76493
11403
60159
43972
50690
96488
12067
65624
29034
37611
95211
87110
62758
76621
95114
26236
5630
81713
70779
46162
86047
36916
58220
38909
31744
1247
19468
19960
37922
33785
66540
73033
30580
38631
71902
3293
7896
90246
26597
6613
65264
13329
67160
25270
52328
4614
82524
9
31060
90842
82382
88020
85687
75605
24962
184
54962
38150
18679
100000
