100
92
671 13728 31894
12351 28322 25945
9676 21661 13639
1699 7656 12329
8368 31867 19199
7055 12267 30623
1382 31718 18136
10090 17873 11719
863 1316 11374
23262 31235 9905
12813 22138 12414
5956 19413 30796
2316 30754 31099
151 333 26983
4655 12482 21196
8497 9442 1143
15924 21156 18099
7552 9040 13041
4618 4895 7180
15581 29137 19544
84 2800 3172
3449 8024 20563
822 6518 31776
6118 21414 9575
219 32268 24996
815 5455 15906
4377 25081 10680
17929 19464 1250
3297 4779 5795
752 26328 29308
4658 7991 9397
17954 26110 20075
4964 15706 14897
5338 22188 22349
4077 6502 8667
3124 8939 2273
16283 20970 22162
459 569 28863
3096 10991 19389
13695 26572 5501
16025 20000 29057
3494 4472 27650
157 1083 1253
9345 26287 17712
141 2458 7041
2987 14607 4669
9111 17084 5955
9034 16502 26684
5 30468 6763
7331 27303 23507
585 10045 31960
17860 23245 13329
5755 25212 31540
11609 20366 8154
11044 30573 11683
8943 9833 7018
5499 22850 5886
16261 27023 7128
14222 22185 7882
11655 20866 29863
8840 9891 22369
1964 30225 20415
2023 8714 24332
5017 8850 2668
1641 4646 17915
17130 28526 27179
4178 7087 31845
12742 30542 29305
9715 19192 13109
285 18581 16602
19954 29003 7939
7597 9189 18123
10778 11413 87
14222 16098 4459
22707 27120 1385
5941 11895 7412
3813 18616 22734
15073 24124 1627
1276 18205 19937
3232 8920 22455
11705 25220 26300
334 4976 15420
7762 9478 14630
20151 31365 12007
10291 18162 20161
684 26829 17207
25249 26147 21073
5292 21734 2433
5452 11901 32519
10122 18688 22723
1375 30203 10244
742 31686 1543
31
7571 16640 25648
1838 10044 28463
725 20962 28686
1673 18069 11549
8650 15482 4957
1322 1795 28877
17661 26938 31433
2666 30097 28475
25921 32217 22005
4775 11519 11983
2617 2721 32340
1960 2731 20123
14282 21545 17847
13862 28774 2546
1823 31762 996
9742 11575 8720
17083 27547 7373
4473 16430 15038
6716 14630 16702
599 4056 22585
18303 24071 10787
1124 13818 23505
755 1074 4785
19538 29326 27113
1378 2980 20493
1825 2631 24429
1928 13726 9558
5029 5118 13780
6803 14342 26905
5660 21974 15428
25725 25992 19851
80
3719 4474 10070
12080 13457 19546
11160 12778 19352
17837 23978 22893
1256 1915 14296
243 888 23654
8731 12170 28965
621 4027 13609
6734 21037 13210
8531 25871 24722
8823 21727 4488
67 32528 27759
13371 16911 22138
8897 10929 19948
23193 32107 17600
2992 29474 22621
22078 27383 17498
17593 24222 2982
2855 17232 20551
5346 29679 14527
12095 31150 27558
1568 3213 24572
3831 26756 14899
47 166 31
20732 32713 4101
3655 4466 7782
4390 31827 31376
25074 27540 28428
15201 20938 31069
25427 32395 766
6622 31002 26364
1597 1870 2730
10636 21367 781
7512 23472 26419
8598 22082 13443
3460 4384 14970
12150 20089 1894
1485 21723 15279
11504 19066 11196
964 1205 6506
7512 12087 25450
1982 7925 29573
4791 14904 27427
13082 17670 17951
13768 17396 3783
480 8163 19614
3194 3697 21433
11923 18055 16002
8113 23079 1046
9258 9680 8548
26400 28566 31706
6907 9871 4744
21164 22042 30031
3439 14780 12208
4954 8402 17501
1862 23560 31301
5175 8389 2192
20595 22853 241
23844 30594 27633
22769 27992 6963
1912 2028 6414
4465 9140 24478
7480 10997 15542
18046 22414 2239
3679 27766 14427
1967 17994 1501
1189 30821 12315
2380 4816 19476
2553 23312 27609
9971 13260 29044
675 22324 9463
22779 24580 32555
5949 27394 25214
489 29516 2287
2547 14699 1001
10719 19389 18194
17158 32592 7881
1055 4665 32274
601 5231 28147
1756 4711 14716
40
20740 30071 1448
6528 17543 11779
5681 7570 20917
9415 21698 4634
7201 16794 1764
316 23152 27014
167 15285 13130
6103 15135 27324
218 9681 14132
7936 26506 4454
10297 22850 31911
457 23692 28160
6863 21885 5868
10060 16394 22756
7495 8296 12372
3093 18203 24815
12152 30704 7094
1363 17694 4619
17879 24561 11346
2324 23423 2616
811 2192 29217
7757 20558 21489
1086 2191 29119
1324 9736 13060
2575 17484 13930
7894 14610 3375
11345 25959 459
4768 30685 27163
7156 20547 12425
18400 20655 16029
8329 23518 31706
6827 15482 25912
1441 1458 24447
8209 28758 23122
2958 16034 26874
15900 18285 7336
11 3870 24542
28297 30078 730
28936 32764 24710
201 5708 32041
90
2967 14081 18560
9913 31147 20307
3673 12769 17144
0 38 26170
6835 18009 18804
13344 27041 28164
187 25821 8728
6492 15494 18288
8881 21661 16204
24814 27398 18273
6670 24881 18897
3738 20048 22215
5557 19028 9518
3095 14035 6151
7681 14136 31938
6328 18061 11910
12458 14167 29206
2228 11146 12388
4341 6357 13639
7759 16418 13191
7195 8394 13995
16437 25505 7815
3009 3086 19694
21002 22868 15136
2221 16219 11616
5176 30001 19242
13301 17381 31796
2236 9368 25168
4368 10681 6350
12550 18142 22013
5723 15225 11908
1445 7327 557
5148 10071 3153
3104 9737 15667
2797 28510 26224
3557 26529 28045
6027 10082 31457
422 2612 7250
19416 20793 11825
25139 30185 25587
2152 6144 10289
862 12724 3638
8080 20894 20572
12414 18336 26043
2817 6602 22541
663 925 32359
2138 7213 21734
4501 26078 21896
7779 19338 22512
3685 25322 30108
23122 25066 32346
23010 23277 4846
1608 10808 16100
20591 24300 11663
8155 19933 17240
2820 13792 31323
2392 16690 32671
16238 27892 30722
20030 32746 81
3406 25940 30283
6962 9915 10458
3514 5955 17681
2379 10738 23936
27968 30084 3499
155 182 28659
2698 19761 21689
5584 11049 9516
17316 32147 7053
1567 3491 25029
2756 16541 24489
10437 17849 1563
9176 18452 7181
1156 28122 21959
26953 31892 17224
2336 19096 32345
611 734 14978
10231 10501 32611
5228 8516 32006
14965 22438 27178
500 526 3305
1034 11235 14744
19226 28962 230
196 1034 29516
7280 25180 10381
14747 14906 26835
3880 7001 14155
2201 5837 23665
370 5794 31739
3293 4381 3849
941 28533 11778
43
5661 10095 11432
1229 1366 13662
28184 29737 26192
18576 28867 10856
1777 7428 21812
25300 32219 10838
21599 30453 11325
5445 26232 5051
5532 6466 31571
4889 8505 3284
5375 11598 6259
24673 32214 10583
2192 17051 30433
4696 19202 20066
865 3207 15803
10605 29234 25494
10890 15477 9823
7754 20459 3262
5543 9814 93
2975 3943 10650
15430 22232 31733
1135 1704 16791
101 2465 23879
2058 3160 24492
14421 21339 18884
2410 4871 18056
6125 9863 20095
3126 3493 24535
6383 27467 22896
19607 20299 26961
153 434 30923
2562 19628 14532
294 797 6893
12534 28619 3164
5377 17115 3741
4684 7875 20184
912 14102 30345
5749 15562 3951
16012 27293 5188
19479 22707 15243
331 11575 3642
4085 32408 31917
733 15230 29008
63
1803 15058 22637
8673 22600 30696
13778 15724 8761
922 2785 20276
6161 14206 6394
2416 8583 2675
7598 11756 10577
25988 31059 11643
1689 3169 26142
3771 3827 25038
7283 7973 17363
17013 24626 17343
7225 7440 27914
723 30125 16520
2266 17114 31595
505 5038 15633
3503 14403 20742
4134 15757 19335
2058 19656 19882
6414 14657 18978
11403 23771 30944
7076 10456 28580
9836 12759 17557
4278 11789 6778
3847 15920 5527
18522 28736 15748
1051 1157 5745
4843 22388 4595
1396 5023 20040
22432 28449 22457
3758 6798 22732
2780 14840 30332
3532 32595 15704
8650 23544 20249
9313 26591 4815
20297 29269 4620
5850 6227 10978
914 18726 2397
786 15037 15042
26959 27869 1251
17621 25548 12387
4172 27111 3580
201 17713 27359
20419 30483 17416
14680 18848 12707
18919 22412 21833
16 8118 22876
1099 1929 32767
2584 20526 22246
153 21248 30155
12158 12581 24498
7257 22526 28617
9503 11106 29779
12715 15993 19420
6759 10207 7474
7670 11698 15392
5245 27392 2724
8705 19325 30597
19692 28732 202
10149 27661 1779
1736 21548 19726
2174 6424 19607
3331 21556 17940
24
672 18559 12860
1422 4244 15962
4365 24966 12362
4951 7752 24152
4208 26590 10946
1989 13662 32022
9633 19955 27072
6273 32274 5820
12247 30807 24789
4541 16910 6362
1087 28781 4601
4796 6936 11680
9195 18504 29600
23484 27731 3625
173 3409 25386
23344 27244 761
8613 13380 9260
2945 4416 9728
7146 9379 581
7995 9702 15301
12952 17087 11889
13580 23074 8583
4245 24276 12837
9353 25251 27754
69
8601 24559 25507
31253 31826 15567
7611 17986 4033
328 9218 22830
17302 28777 17189
9032 20002 22345
3753 8490 22873
13750 30764 10751
2847 5528 1624
9341 9429 14666
2374 25148 11197
4831 17924 1819
423 25624 2333
5343 6459 8696
9232 23607 21235
362 13415 21298
2262 19598 15775
11142 31301 14755
6596 25429 29297
1748 29923 795
11465 15906 17071
19902 31215 1557
2789 8299 20761
10677 20417 27204
9881 28990 25695
4199 7024 10777
366 583 13687
16529 32592 20569
21216 22151 25313
10390 20132 15436
964 26949 20025
9901 26227 15415
8535 26140 7073
2313 25785 16675
353 26931 25326
452 28269 8211
170 19213 28832
9271 18968 5180
14597 15719 18690
4229 6123 21221
4493 10014 2578
7702 12694 19689
14699 19229 22777
1180 2898 794
25559 27324 20027
6860 7387 27130
6317 19990 24555
7007 13386 3706
21798 32063 11142
1937 28177 20682
556 2925 18752
10661 13450 27479
501 12642 4326
20099 28369 27532
901 9915 31915
2194 14821 3831
15818 16895 12401
2955 30794 29398
12595 30062 11372
525 917 32066
14727 21262 26682
5991 10418 11885
25553 27750 4033
5280 8902 28078
7567 13023 28014
2634 20977 14675
239 977 17836
11694 16997 12651
2662 22423 5553
67
268 2561 11591
5000 18532 553
18122 32408 21735
473 22753 8653
6202 17632 14376
13877 23376 12514
17907 21873 17939
10241 19500 9276
1105 22273 16437
3774 17139 29186
4807 14100 26658
9144 13085 1338
1078 3815 621
8380 12477 6761
17 24845 24674
307 1215 28922
7263 19631 13354
2212 9746 20596
914 6518 27424
596 17433 12709
2345 2951 14459
6346 17458 15175
15760 20757 28324
5221 14142 32461
3472 9074 20419
6947 11624 19801
2115 29619 11889
1383 15771 26129
6198 16186 7570
15156 25457 30273
332 702 6845
7377 20859 14609
16150 17076 8387
461 20270 18368
1828 22050 30766
57 222 11413
4254 7483 31190
22439 23949 23054
3831 8035 23511
20075 27003 5368
17237 17510 7055
6398 23988 31592
1715 2814 14194
101 1043 27609
71 21259 16847
445 3184 30425
93 7170 29150
4045 19191 2820
1160 2169 19121
7517 30940 32327
4330 7657 18394
950 2012 18590
4511 9201 19944
7519 11860 961
6492 18619 28931
21141 21725 24719
9739 22628 3671
5000 20380 3592
3494 29542 17675
3463 7376 22324
1190 21619 8689
3469 3916 21595
27605 28758 23867
1756 9934 16709
289 6819 27603
2915 12670 11654
16879 28764 28203
72
2640 4787 9695
17567 18770 697
7725 21898 1980
10542 11409 7838
5175 5231 5683
27930 27998 28704
4692 27273 12694
6500 15565 7518
6950 18143 25031
9993 26191 11480
3634 27292 28027
910 3942 9689
7047 29532 17945
4168 7571 4279
25143 31212 21319
290 302 19306
2632 18433 30079
7211 16160 7218
11867 18382 14661
3174 11454 20282
2824 9864 15579
3808 14392 19847
369 16183 18562
3807 7511 19080
6668 21860 7583
1771 22906 13096
6921 32639 7023
11207 25367 17461
28349 28446 6148
1646 26669 26474
4859 6490 17085
6164 29792 32146
9789 11252 8582
1586 10952 24943
2198 19475 19573
2036 2181 621
2864 25007 930
10507 15556 18257
11422 16138 10582
16434 22455 18521
15319 21956 7891
2121 13733 11663
6348 29551 3186
11043 27694 26941
5996 15790 19914
20198 28486 28604
20250 27199 8459
7419 28826 17695
1352 2442 25836
28092 30564 3685
106 14975 12970
7417 10188 5937
10599 21747 2576
15615 30829 15938
4730 5048 9089
2100 31136 18971
3294 6687 24697
3172 9610 5280
5107 26802 19715
5612 16685 6027
127 826 17681
3213 30185 32013
12943 15988 9920
4852 18479 16122
16183 30210 5863
17 15183 25669
6306 23418 20357
527 7091 24512
3479 13731 18411
23206 24542 17500
8422 21304 21684
5642 9732 16987
36
12776 24935 22306
12613 19688 10702
4320 17152 14805
7418 29790 561
11627 15958 3682
11266 29828 3085
1761 19402 31408
8016 24530 16602
6895 30235 26661
22916 28949 22442
592 13130 20126
10134 10753 20301
10637 21421 3842
19684 22276 28609
6364 28447 17687
4834 8500 29313
1313 8597 11180
4064 15722 6541
4982 8070 7980
17062 29674 2883
12289 32731 19004
4733 15913 23908
23004 23658 25842
8301 8335 25556
20666 27437 31424
1418 17481 10232
5861 16811 13361
13679 14720 29635
8772 24912 30980
6084 17559 10188
13179 18093 13389
892 14655 13831
1724 20172 26528
9678 15483 8947
5527 11555 23412
6648 25330 27999
54
27202 28728 4889
16656 28578 4892
4741 6049 27425
29422 30807 7791
178 1089 14507
1418 9768 29775
4475 13290 25775
5067 22342 4087
6224 22418 8221
1280 14471 9891
4925 8457 11801
2839 4148 13228
9385 15889 28394
10569 19135 7682
3769 7031 23279
5009 7009 6318
3710 27405 32566
14822 23507 862
17989 32137 21903
3173 32157 28968
7412 23993 4139
4192 9395 27395
13338 19598 13608
11573 13907 20663
7824 21992 16536
382 6247 13855
7936 17452 1005
17238 23764 5148
14326 19722 12231
1690 29052 27535
18467 31740 29079
4017 30948 24101
1905 12134 24734
12031 30899 5099
691 867 11809
18619 25226 21976
3714 20889 15096
11860 28904 25811
1091 4018 26815
11427 13587 4577
9391 24142 18245
3412 21567 18299
3703 6273 12063
5608 8551 23869
1295 14399 96
13087 20117 1652
9039 32327 10467
10612 11152 16680
2331 3179 22447
6500 8486 11964
3395 5950 27485
2852 8072 67
2497 4248 18305
7451 23418 28680
89
2547 4485 18752
3635 12395 10762
4003 23258 5523
2128 26888 16693
1110 26423 15353
21875 29370 30853
11080 19708 5980
1692 18030 18073
1855 2809 13503
17897 23965 386
14090 22955 6476
12666 16275 3432
582 3298 25664
1586 3898 30637
828 5070 2651
6702 16450 7221
5606 7849 11224
4173 20660 23206
8050 14457 1831
12668 24654 16314
1575 2197 6613
19552 20808 27383
13634 17148 28261
1259 22087 29552
15997 24483 12557
26077 32683 11859
9052 20529 16012
1143 3707 4210
22320 26871 18338
691 7585 17
6592 23809 10432
8208 8752 24211
100 22152 2323
1020 27105 27111
5808 11319 1276
3065 11039 25533
179 18694 26502
19175 31784 16618
19305 24458 4995
7228 12083 3468
11770 17167 2132
4122 12188 17093
1138 4068 14216
348 8322 4394
11284 31122 30677
13025 14178 12089
15767 28919 5915
7608 11659 7533
4061 11650 12397
8046 14722 6612
8093 19458 19542
6862 23985 15150
8806 31423 16598
1871 3065 28661
13577 24031 5064
4758 13815 30699
16501 18496 7600
18279 28703 28415
8901 25680 9250
14863 25085 13984
4672 17797 27206
23096 26683 1756
3684 26250 6943
1020 7483 17121
5993 8508 17569
364 868 25781
1171 1282 11192
6096 22652 572
17211 25905 24786
1271 15258 8687
17071 23671 31112
14329 22428 24525
427 9083 32635
13311 16932 21352
6778 18495 19837
3113 17285 20002
22904 24804 2974
8010 22060 29938
3842 4054 4032
98 27751 31568
15965 26776 27562
364 408 27920
5914 19363 13029
11302 14390 4949
10521 29969 20931
6073 22570 9455
2860 3341 31830
5878 31080 11440
6019 23105 5968
38
28839 31326 5564
22012 22867 10735
2953 12213 7424
2230 6597 12658
17330 26434 10804
5423 25314 18036
487 648 9145
3697 28754 21611
28076 30574 19344
4128 5296 17878
9 5576 27728
781 6695 12551
296 5769 25755
12548 23439 26850
1897 8953 29526
2758 20293 13743
6050 26569 13844
3247 3950 24147
5934 6877 14447
500 9069 9358
2450 27677 3649
16609 31920 30476
16855 30906 3074
14951 19741 29294
10640 21912 6069
3667 10188 26260
13479 28907 4643
12071 19659 2001
11165 13345 19294
4737 10021 19410
4107 18092 9917
1895 28768 16467
22913 26456 20945
3550 12075 32265
13253 21793 3843
13448 28407 17471
47 459 24536
8405 11442 23061
56
9240 25582 6358
6255 28242 2392
23100 23556 2448
3047 6028 15712
194 254 22444
104 1543 16612
19663 28858 30589
4158 30095 5113
3513 5657 31500
726 3039 26430
189 30636 23848
4288 11507 21949
18894 25999 3370
7459 12592 5965
15892 29136 16789
159 19223 9951
1261 8442 11220
3072 11645 13697
1168 10382 20926
1015 1154 19971
16526 28572 8627
4329 25277 5752
18347 27064 23656
11036 12625 29709
21197 24311 15298
10499 19692 19182
9757 21447 24645
349 4834 30509
3876 6574 5902
1730 2263 15594
5783 11868 2123
6229 20161 7466
81 155 25262
28391 32291 2597
1750 2805 12883
1894 19154 12526
252 560 20997
29109 30879 18366
7660 10735 23541
10279 22207 22354
5545 19474 15159
13741 15563 6939
17297 24508 4514
9782 20132 10027
12951 13043 7656
1113 25512 21538
9508 30308 15362
947 8952 20628
24633 27824 3644
1715 2497 29849
4940 18241 26511
28096 29119 24445
17129 30891 16394
3433 7545 20697
571 2294 25201
1962 7405 25972
97
5849 6025 22678
13753 26979 3503
19612 25423 2587
5810 32150 19053
6978 25852 12557
6463 9850 28063
712 1136 30576
9832 17774 8535
4869 6874 19728
20333 23374 22966
10224 32075 4554
5438 22796 16696
3600 21849 18005
18220 28902 4771
2267 5321 14381
11612 27157 12601
26235 29302 18600
1769 30481 16394
2910 3561 6253
3162 4794 8044
24800 25699 22452
422 770 9221
7789 32075 4381
17200 24563 7408
27659 27957 18444
4727 29734 26335
5173 22019 1210
1343 2046 26699
5179 12238 14208
2395 15177 30479
6940 14747 2579
872 2327 25091
16633 16903 4254
3152 32744 14706
8383 22376 9723
3988 11385 1918
2251 11297 25989
1399 16344 1485
23232 26386 31281
4388 10644 4123
82 365 11761
711 17687 11137
2116 2654 5519
10060 25999 2192
27152 32314 13443
3498 3570 31376
2142 8766 20850
2159 2816 2182
6034 22271 16208
236 855 3280
6837 25370 26728
11529 30186 24178
7095 9417 16301
3748 6523 19309
5777 13407 12832
4117 12278 19893
251 6886 5433
11267 14000 27812
9897 10056 12429
13047 30965 15095
19943 29138 12330
31255 31871 26045
4313 4332 23132
4951 6038 25280
12349 13153 7899
1868 20236 3401
2781 5000 20120
21890 28259 30295
7348 21549 21142
7365 13995 27037
5472 8974 23963
110 4353 15071
13665 17986 10142
8652 30654 26509
4502 20717 4919
16844 21928 1710
18483 28935 31872
1066 31953 30061
20288 27426 11813
6435 7904 14576
11570 14959 25754
24343 28407 15941
1216 14974 12461
13098 22909 1916
2263 3425 16875
4759 6246 339
22815 27705 30358
4513 27356 16118
419 2404 21021
3301 27985 16837
4579 29367 31824
1996 2911 20773
476 18318 31439
6687 22277 19127
24536 27033 17247
5135 18725 19862
7226 24750 24871
95
4133 13125 18694
10 20664 12045
8305 31359 8374
6295 26813 2539
9876 10547 29754
3148 3583 19437
13210 26099 4974
595 1467 8888
30995 32276 28496
23514 27536 5647
19979 22435 22104
19363 25609 5499
23282 24042 18508
11742 23691 26348
19824 28432 23518
12382 18966 12905
20641 30343 32620
3308 27239 2860
5635 29496 3010
462 846 4282
7791 31158 31407
1044 2647 8924
4334 8670 27846
116 4892 14722
1938 3239 20645
794 27867 19953
1770 6681 17305
1255 2080 29906
3865 20636 30329
1901 9124 24829
4447 11807 21253
26969 27570 5391
6671 28881 7483
4285 14765 7727
8861 10323 10582
2248 2454 23697
13059 25008 19058
1222 6550 11920
12357 20363 9997
1212 3071 22911
4628 15669 30689
21649 24131 22396
7800 13990 10949
7037 10185 21481
18135 26782 18072
1078 27061 10334
2835 9038 3685
20083 21747 10791
17436 28502 4414
22130 24104 7343
2395 6153 24966
9020 20314 14192
86 16163 27037
20544 21868 28208
5834 19845 3366
8812 23484 8381
4864 12687 19822
379 29320 4966
5830 10020 19598
2687 3307 9183
1354 3731 7781
1757 10636 9814
2729 28358 10112
792 1360 17631
21359 29834 10623
20943 22966 12162
16454 25558 22949
1066 28835 30101
181 20820 18827
3281 5576 4387
2775 27031 21301
5644 12776 5003
1184 22728 28919
2339 13992 3751
5553 24751 16103
23 429 22547
6357 9311 9948
4180 5176 11373
657 30708 14619
7858 30849 5798
7406 26654 17227
6 119 25535
100 117 9285
12722 16823 25984
17705 26820 30424
2508 24792 26384
4023 4299 18076
2347 29276 3192
6125 7988 26983
306 482 29302
200 930 7427
5135 16501 22052
8058 13604 31798
7 264 25705
2012 7554 3895
57
2143 5838 18182
4004 13763 26825
6845 20050 26080
13383 15603 16157
295 4018 5942
6604 12178 23307
7721 12724 32621
15541 16714 9517
299 11049 7781
1262 6825 26037
9647 20122 2965
14166 28745 25578
26097 30056 9541
24047 29859 23947
6447 10018 25946
22297 27938 9081
7265 13556 21365
23786 25425 23373
9495 10878 16212
15766 20789 32156
6113 11381 24495
5177 21560 14098
11186 13020 28935
2367 29741 26291
18988 20412 19759
6377 29775 7649
4418 13461 32615
441 602 22261
8601 14353 25190
24258 31737 7568
155 2709 11433
20290 32079 12271
5809 25537 17631
2131 2881 17121
1874 3082 6988
238 703 6716
2579 3303 26224
3187 4692 9690
19189 22351 20582
8577 30100 22406
7261 9082 12197
571 579 100
1304 32282 8498
3240 25936 17596
12003 13975 4969
5290 16889 11047
13635 32484 22489
10189 20392 2196
17358 22799 30710
6516 9081 7332
1482 14233 7041
2458 6238 10819
8793 19763 8446
4668 21852 18067
8399 15744 26515
1481 21343 3195
915 991 1817
10
10546 17484 18027
7760 11332 15644
2213 8912 15043
2108 16437 25143
3515 18659 3875
662 2971 32044
9824 16568 17913
3462 4390 8737
26613 26646 27406
9455 12747 3874
72
9610 11066 18562
1287 1563 11922
3694 5805 26277
3722 4059 19414
8612 32428 23547
76 544 2757
14861 16303 462
7311 16222 2935
3913 7770 25255
426 10979 10213
17316 18053 24697
2437 12235 15690
1755 7818 31078
28064 28727 10305
3469 5747 20326
2651 4049 15952
29253 29413 12664
14213 15817 19148
4436 25044 9503
1301 25031 20078
12488 31596 25950
16241 27787 18407
2832 15282 2161
458 6196 29013
137 4542 4080
5393 11615 29038
20988 26537 7975
12532 31137 20656
2351 4744 447
19613 22791 25092
24440 31741 8461
17303 22434 2959
5206 8012 4268
1306 20812 18338
1996 12793 2852
5005 25890 7955
1071 5205 7625
20832 24429 5469
23 137 28450
1707 14318 21594
16360 28409 3439
9243 15306 10359
19708 23834 6956
7285 16772 24493
3582 8209 3488
94 10960 11433
10866 16049 5590
12169 19229 7400
677 1718 18078
9414 23335 19375
4204 16202 10843
10661 16632 5417
1241 3901 20939
4670 28954 29715
18608 30579 280
9514 22760 14779
6330 12916 4803
26176 27462 17213
21687 28712 78
3485 24608 68
1150 20765 20151
5223 19589 24251
10863 18160 28952
10584 15421 19501
473 10154 7692
6438 14108 18637
3994 24631 9386
2457 27540 20818
12016 22074 5172
17236 25892 31795
4015 17390 5579
2075 4285 23530
48
14795 18108 10805
23354 23641 95
17045 18051 21854
10680 28844 3041
13556 29418 27225
15876 29901 12118
6663 8291 12348
8124 8374 6383
1438 1739 12847
5018 6269 31086
7225 9702 23167
11990 16027 26532
11793 23638 23646
3368 3626 13240
242 29518 69
6190 8502 12032
28326 28798 28732
23849 27516 29586
3654 27886 30827
3148 11296 727
5071 19127 9663
12176 14663 13509
11683 15581 3990
7690 7829 31117
3993 31682 15011
3561 9217 28127
59 1502 12935
11434 17542 17939
3763 16320 1244
2331 29827 11986
643 30606 928
1216 26110 545
750 3958 28222
14596 19711 9678
2075 12239 10161
1395 4281 9396
2012 11484 17770
360 26177 9819
5479 5491 22023
1669 6145 24778
17015 30444 4091
6323 18730 3769
5319 6188 30646
11103 26316 26717
2477 4265 18929
2837 16489 10108
86 435 25125
1 19 20380
93
15965 28049 32378
4414 4617 17461
8267 11336 18804
3184 9887 25718
25934 31653 13283
2016 6621 29190
7201 9831 31754
5488 14526 21938
8800 10317 4525
2923 9936 19074
15703 31660 22412
2864 3892 22986
1072 16576 29729
2610 19446 2110
72 1538 29605
6716 7535 23406
5117 6942 12740
9949 28335 23672
2158 24678 19346
11294 17700 26591
537 719 19092
1463 10483 17340
1878 6368 24577
6527 24767 27841
9865 12058 29571
1595 5850 8148
2804 4800 2855
530 14091 10530
2403 8200 14900
11701 23406 17142
1631 5405 25378
7263 17441 7621
27583 32123 15604
1114 26804 22568
3016 16778 18066
289 917 2227
2880 21641 13051
1541 22263 21750
2767 28443 28530
4870 10207 14340
2872 20254 16612
19793 22359 24662
857 9623 10299
2690 27399 16361
15077 16849 21865
3259 3474 23259
8969 13566 32571
16374 25748 24573
3971 11269 2658
16644 23825 29720
6116 9533 5170
2594 4277 9165
354 1603 17919
21347 30006 31063
17153 31280 23597
580 29872 2725
30782 31446 6212
4033 10467 18810
1840 2008 30631
1767 3211 17052
15971 25768 4293
17755 23886 6705
10443 21213 30429
12770 28153 17121
8827 12380 2211
2566 7171 31325
5700 14662 10353
3613 19591 20807
15816 31660 7367
3860 5177 15810
3732 24438 20034
11649 19206 16142
1638 3844 21596
5297 5977 15860
6059 7529 21642
13959 17979 26868
3026 3422 12177
3442 23755 7291
18239 26672 26424
1001 1220 18044
6394 30303 6800
5565 6403 29255
15599 29610 399
5226 30797 5244
18881 22194 185
1419 13260 6235
68 2180 21503
24147 31732 26349
228 17060 31779
5216 10707 30133
3812 19059 7234
413 15353 11757
8305 30465 23892
74
1180 4457 27310
4729 14657 12968
551 6141 15404
1854 8361 6861
4239 16349 689
6154 22138 26250
3080 9121 26500
23421 31717 29432
6277 9314 4912
440 3423 21963
9850 21680 5878
13007 27596 4779
343 1038 25434
7792 25175 15079
255 16226 734
7635 25529 18424
3638 13531 15439
28179 29931 5785
521 10808 548
27142 29801 27484
9885 10878 15587
20129 29846 11012
8646 19575 7315
1207 1253 16396
181 1419 16787
6689 22731 21537
3057 29923 18298
458 3247 24447
98 201 7367
3313 10311 26987
2095 5312 10376
488 15151 31806
8730 22739 6986
22066 23449 5320
6850 27398 31460
8829 14431 2027
1141 2543 4358
5240 9966 19130
15056 19427 29324
23894 27317 2191
40 50 27139
6140 14112 20423
12345 16501 14831
1780 28240 10537
3435 5588 31650
4067 11777 30502
25389 31432 26061
5632 10598 20851
1316 31696 4629
14917 27108 1706
8869 23053 31565
6799 10733 20725
13488 26816 30242
23138 25709 27634
26497 31516 25695
12402 14472 26959
286 10742 26392
5077 13466 11985
4355 4396 28243
7014 19636 17346
2408 29406 17680
11 16 19707
177 721 11962
790 20018 7680
160 1682 26472
1810 26538 27377
1051 1845 27260
2072 20406 14901
2879 6078 23420
460 15166 1582
4981 16282 23354
5259 11985 24149
14409 31414 1959
117 178 5266
19
3862 6132 17691
12069 16259 1492
3411 4974 6718
15630 18147 624
4487 9740 5796
140 14211 15383
3641 27231 6146
5520 22087 676
721 12033 10653
1872 14763 7673
1154 5147 204
4656 10184 31507
7821 13703 29506
29421 31474 15504
4087 28369 7715
4508 18431 613
1282 7570 1547
1139 19876 27367
3460 15310 6039
22
896 12993 3937
1003 8973 16157
10654 15124 19623
4679 5569 20945
19651 24507 14798
1772 11501 10695
10432 15492 28071
451 23885 28382
1925 14845 32720
16593 17416 30546
2625 29091 14715
4842 21459 21751
11251 21443 23889
11891 20691 3891
1669 11009 16923
6733 18457 23903
13334 25272 3893
26894 30160 11615
2552 3247 15099
2986 6517 12429
17975 22499 19114
4328 6571 7496
84
4210 31652 8590
11198 12813 2262
4013 27413 8087
5399 6063 5183
6250 30547 21085
75 6210 22041
3969 7113 27114
2444 4559 874
389 9058 17499
2851 25655 31443
9208 22154 759
12240 32619 14287
7198 29938 12554
8168 8281 29115
2806 8170 2091
15683 31145 19885
6927 24689 5548
8759 23766 6974
7608 16459 13163
4758 27983 13262
1426 4024 31294
12342 19108 4337
8479 31139 7852
11477 16361 23051
624 1637 6325
340 13778 21049
6531 12657 7635
6651 12859 1823
2067 20603 24700
7059 27411 13880
6139 19199 19150
1806 11240 25008
940 5943 4652
18276 21639 20218
11725 11737 8178
5953 23651 30875
2481 14388 28557
1825 22988 10720
8772 13452 15511
8039 23830 22143
9809 15042 15309
17360 20292 6476
22451 32675 12274
4038 16593 27787
14491 16258 2047
74 168 29581
486 26847 26162
15426 15477 24715
9290 17989 2006
1486 8909 29452
1768 4789 5085
11387 21728 2608
19191 26150 27297
2114 14516 9143
14263 20492 15211
4827 15898 11167
7249 21478 29834
10423 14296 2477
5014 24631 10531
17213 22465 12605
9272 21127 21514
19919 30643 27947
7706 15152 309
21172 29361 1209
12878 27179 28591
6905 14481 30646
4522 27158 15385
2776 19448 16217
295 301 10258
8614 19865 3721
568 10217 11558
274 26872 18313
11901 13184 18962
4689 13848 5697
12236 18052 28534
4559 16605 9632
684 1096 11605
3807 12816 3014
250 5082 21752
1340 24385 7157
9967 17846 15104
1048 7680 7804
11806 15221 13269
4910 27678 20001
88
2939 3954 8692
14251 14531 24618
11784 26992 17650
47 67 31103
29645 30985 32720
6954 28036 27168
70 235 4920
2994 17838 10691
10455 16407 3288
3410 25019 17668
607 753 3079
5957 8180 20982
2634 4866 8835
5354 5431 2693
3854 6493 17667
524 725 30773
194 4320 4738
1381 7192 21782
6083 15564 19085
21601 29412 29716
1636 3430 27146
1024 1254 14052
11093 16293 25383
9062 27463 25146
1424 9746 4201
2066 11503 4372
1654 14440 11302
8980 14254 11834
4406 5271 3272
3752 7909 18241
17869 22326 31646
19705 32400 20148
15409 27273 32572
19557 22455 2869
8570 29345 13194
537 30637 4013
4207 8777 6419
956 3503 15590
11146 22453 29243
418 2751 1834
9832 12593 8284
9593 21964 6835
8623 10566 19458
11786 21122 4114
1340 1795 19127
8532 17249 15839
11685 23163 31264
13664 16359 26437
1527 9871 31583
13539 24046 8013
3117 4250 10990
11999 22931 18168
6133 17315 12404
462 2366 8317
12279 30741 24392
6709 21406 7251
520 4663 11149
530 15297 21702
20643 22741 318
11211 31625 13132
5433 13017 8573
2643 7978 1749
24634 30150 8189
5009 13439 29893
20685 26709 32100
13693 30540 13926
649 931 31994
23048 32720 4836
436 681 761
3440 27441 2624
15760 17154 22112
874 19882 16307
7434 11047 23574
3005 3196 29302
1927 2466 6843
2462 4633 18936
1479 32235 23940
11366 14592 30427
12283 18163 29158
3351 23104 15445
1609 7295 3848
7620 12960 28101
4072 20453 18226
15579 24025 23202
6148 9676 17069
2187 2409 5894
12260 32245 16599
12901 18666 6537
96
7293 10966 13292
3665 18647 28020
8997 11641 14791
6778 20969 6988
631 24248 29152
3815 26003 26395
18895 32152 12112
1362 29887 10478
3583 5697 21753
5595 6796 16588
10328 27329 25444
6967 9268 22720
12506 29795 3075
18406 19659 16810
3195 26820 19876
47 342 8975
7646 31201 19522
1667 30450 21851
7834 10968 19054
2333 16379 15184
3846 6927 29964
3921 11888 6811
1772 10237 8728
204 274 7368
2133 18894 18854
11191 26088 6404
7499 10643 27755
4401 6189 23673
7751 12230 23903
3780 6365 10780
10033 16443 3170
289 2127 27726
2050 5348 3563
5232 19618 24991
8288 15086 16419
4356 17394 15242
7160 11798 10241
172 4737 270
15790 31835 317
25682 31835 24685
5044 20549 4663
13846 30505 17016
1594 19076 12579
2474 3106 14120
2574 17299 6684
541 2909 1671
22641 29851 19945
269 18684 8707
4575 13014 16279
5396 29146 12749
26821 27417 11069
15100 18634 22220
14408 29524 6782
6297 7816 17743
7049 9760 27559
1107 26087 25987
5279 8383 13946
5492 13029 32337
3012 30226 13828
2927 3757 25666
10873 18802 281
1647 9133 2404
1696 6770 25408
231 11336 27761
5156 9965 9780
3287 5069 5293
2716 15098 8275
8127 11455 21802
1690 7822 30339
3803 4234 19832
5169 7932 16509
6590 31807 22250
763 1681 13438
6207 6893 5372
9540 16125 15301
25467 31145 1145
27117 27466 25461
5254 10865 30831
1444 3215 5550
5386 12894 17691
12023 20641 29938
3236 5359 14413
874 3182 10299
12555 29002 15351
7407 11213 28750
1107 1992 27364
5912 7902 3878
1841 27950 18631
2534 4436 28818
14052 32340 1571
4674 4675 12124
660 8754 3520
18848 21314 5263
2418 24971 23715
9738 23553 5819
58 8874 9923
84
15680 20704 15600
5472 17558 5012
12302 15721 27430
3462 5747 20310
13919 14964 13509
2607 9538 3059
1864 14834 1472
5870 20878 1244
9541 23460 10605
14513 22780 10018
6656 26882 2209
13243 18319 7103
6758 8144 13341
12859 14290 16406
981 13868 15317
15726 16518 8184
8404 15865 26823
6388 11936 18125
12860 18150 29264
2469 8387 26035
5716 9616 2374
3507 21888 27309
26828 27503 25152
3276 4080 18756
9443 11907 5581
10961 28305 28444
37 4356 2196
32139 32365 16235
820 22661 26252
6323 18669 1632
4159 8516 25548
5725 9451 12748
1712 9629 15012
13549 17380 20152
2318 31455 4610
7922 23116 25512
2203 23537 26701
10508 28285 19898
1106 28549 7737
1339 23481 23265
12805 15059 6725
8687 32557 1518
9870 29454 2276
10804 25347 2348
5063 28428 18043
708 8153 683
11421 26597 22457
408 10046 12695
309 21096 18940
8913 18953 30257
6569 13497 14519
4636 9115 17982
14950 17025 22045
2726 12142 17928
3026 3942 1141
2891 16518 14921
929 6863 6889
23221 27287 8600
1507 10529 11181
11321 15104 1065
686 7664 23244
26218 29678 32520
9350 10210 23560
19030 26174 19475
844 23092 21377
5536 5880 6746
2314 6422 26666
3015 9089 699
8707 21867 10296
20454 25549 21191
10336 18821 16128
1288 11319 23637
67 3058 14603
14606 22740 599
37 11905 32329
584 2642 27592
3779 3835 5027
11293 16579 11205
7733 19536 27746
22054 23272 23092
3549 19996 26917
8 214 6801
942 17882 25942
3697 14092 30375
55
13667 30112 21326
8709 12128 405
1829 17261 24298
6682 29372 7926
831 29990 10796
25261 30758 4016
10580 17671 809
7090 26213 2872
12634 18696 13871
3953 8866 15742
27572 29964 18556
20788 26055 27259
8733 23460 19979
9171 9378 550
5819 20923 24970
563 5477 1337
1439 13244 12778
5370 22680 12425
2642 19229 23296
131 1186 26584
9560 18767 26407
3312 23142 6770
1064 2432 30195
2627 3761 10996
1269 23735 10313
163 10088 4356
7112 7216 11387
12935 15547 18158
7895 11268 9533
2593 19907 28255
565 3192 15500
3794 5458 16052
560 8855 4056
4413 14060 5268
208 4312 21783
481 1301 11730
6248 24321 12428
3923 22907 3531
21344 23687 16737
1085 19620 1465
5476 11036 32616
1762 24112 14770
8191 18219 11938
7314 8135 1614
5394 17002 32085
530 1094 13352
16830 18647 26592
4613 25049 15797
20 686 18830
927 20726 24874
1066 1605 9229
1133 11129 7007
21187 25289 12128
9187 22094 18940
23512 26964 16992
95
131 1391 19413
2071 2735 7475
315 870 450
4336 23908 1259
1718 5961 12423
3449 18358 32436
13923 30244 10798
249 30877 13515
17064 32752 32449
8330 11165 30865
243 28169 11593
12547 16215 30831
7480 20738 18294
1260 30716 18699
138 10373 26460
5236 12203 21391
9923 16389 14531
850 4077 24046
640 4453 8191
2276 5825 17260
4482 19173 17994
15631 28409 25307
16691 18417 6166
5921 22234 5438
17718 25772 7121
7731 16702 31450
1322 8775 2062
2741 23713 26077
218 9859 13850
1369 2277 28959
6464 19190 2648
8284 20403 13997
1921 16616 15876
22026 31939 27930
5549 21726 11814
8511 19052 17358
2892 10544 482
1906 3149 30149
14844 24902 11877
6048 9459 1924
9292 16192 10523
11530 13505 20521
2916 13374 2298
1311 8072 5859
15109 26503 32258
2916 5009 1330
1484 21303 29248
15836 30731 17343
9855 21823 27127
14756 25107 6836
1414 2527 24768
4013 14032 12243
80 228 32701
10607 18022 19389
20320 28994 11570
3923 16034 15663
687 1779 12318
8443 9639 19484
13728 21790 692
10451 27668 2022
16556 27367 1213
5730 25428 25393
4272 4998 6984
4969 20495 21752
25747 31344 32058
2997 14848 27126
536 21177 1171
6751 20888 8829
1672 19702 27276
5704 6456 30797
10562 10564 26836
9251 17121 17683
6137 6989 25753
13295 13492 19851
4025 5206 6178
1530 13715 16009
8972 27577 13850
6096 12481 16453
7249 22626 19945
4190 6745 14795
1523 20004 23213
5710 6125 16730
7630 10234 28327
29219 30640 22544
2416 9373 27451
879 1524 15937
6341 11498 14818
1906 17389 15170
7846 13332 5260
11472 13290 28308
10001 20372 11372
4219 11918 31149
20514 31059 29736
496 20906 22747
139 22667 3802
97
470 25877 32319
4894 12841 22653
6813 26333 18545
27713 29345 7488
197 23882 11088
6396 24131 17166
16292 30541 532
9445 18510 30526
1256 4248 20814
6198 17927 22157
13455 27399 8903
2359 6294 30928
4737 20214 26445
1846 26920 26914
8350 23109 9470
3857 25482 14444
9804 21556 14571
4128 15040 20884
12984 28768 10541
56 63 32183
653 5520 199
10081 16859 27705
1707 3335 226
13278 27517 26003
483 1433 11076
207 16710 24864
7772 8637 22559
968 15272 21862
14154 27208 15743
3540 29337 6013
143 1944 6397
7110 26094 18860
1127 8540 7309
7708 8321 596
14824 18744 25982
4022 16562 19391
18332 28405 12537
8106 11347 12905
1297 7428 17329
4922 28471 6884
787 12916 8829
1050 19150 22887
2133 2988 22540
4903 8848 21657
1479 7569 10239
9 1071 10830
16530 32474 18949
3695 23494 10270
1052 18876 10190
7814 17274 17185
934 13370 12017
6851 6986 24897
3185 18361 9245
207 262 3024
402 20653 5921
418 10654 22125
483 1398 12223
356 21578 13923
925 4040 6459
5303 25919 1525
1141 9775 26404
16184 30950 19559
17499 19347 30677
15556 16853 28317
9259 10437 10643
2234 4852 30109
13998 22655 15703
8257 25757 28521
17469 30810 3753
13952 16016 25569
17950 29095 27154
1979 2581 15018
5813 17200 21521
258 13989 4184
8594 12618 4251
8107 8425 10309
4558 13251 16260
2155 7929 13788
11900 20872 31853
8862 17949 29509
18698 26660 12548
8221 15739 13484
6724 12636 16062
2285 3708 11939
7980 17304 24916
4772 11980 19279
5391 23002 15777
6811 18752 32084
30265 30320 2234
4178 25099 20680
27566 32681 8540
7736 10241 22931
4664 22570 27128
22989 26596 23552
6686 15554 15371
12428 30691 30576
167 28617 32135
94
1135 12223 32361
5035 13258 22521
3737 20227 18031
14614 19722 5842
10253 29604 25451
5422 15346 6399
5991 30498 24644
12098 15246 3556
6046 9581 1690
3309 5590 12858
18220 30666 30595
918 20204 6239
8549 22360 29062
5422 27828 30631
22458 32431 21985
901 1144 14874
588 13326 13181
2791 7058 32106
3066 7700 26659
1189 2384 26370
25934 29437 22725
11976 14223 21626
11858 18124 26621
367 11462 26847
2674 22263 15895
320 1390 3207
23960 29294 14384
1431 15375 30824
1503 4876 31838
982 9824 10031
15357 31191 20190
3657 13101 21898
5347 12707 26800
1696 2064 26721
9126 21477 18992
26873 28441 27379
9093 23007 25740
2301 25588 12304
9716 14449 2858
328 19765 18661
3615 3888 31317
6056 22993 18716
5400 25485 29389
3564 25584 825
3913 18231 526
4418 29071 22908
18261 29951 7533
16015 16570 16049
7193 29151 19031
1617 4159 24496
1118 10236 14421
18505 22314 31107
6317 20408 424
10046 11370 26982
3237 24361 19864
2842 3437 23329
11613 12950 23500
13459 19867 28522
4956 16590 8762
3105 4593 5965
234 1130 12191
8513 9006 723
18460 24412 639
2252 26194 12381
8464 12383 2315
1541 15962 14187
7399 10785 6289
6923 19332 9418
1194 19000 27455
11640 15228 30558
3882 8777 10584
7003 31553 21503
2334 4072 16178
18104 26278 11302
1889 4120 21397
15422 23221 9823
4806 8562 10839
4510 10088 26806
13193 13413 11585
1224 4712 17559
1579 2819 18849
15624 16348 228
9974 12889 23332
13324 14187 27173
14125 32077 3258
3925 10999 14876
6486 11625 32440
4835 29126 7977
3517 20518 11646
1148 9742 322
6310 22417 5695
2759 19488 25962
8048 11104 32702
6376 12710 20967
2
11042 23462 6318
9387 20785 29161
95
76 5427 6683
5692 15024 23733
5985 27277 4099
19238 25136 30395
13283 29119 3735
2651 11010 12254
131 1096 21172
2385 3978 12004
14380 19434 31010
3488 30194 29872
7507 27607 12355
21889 31914 26574
146 5530 23357
13101 13931 4956
2630 22483 9595
6002 14629 22683
17216 18709 31655
130 160 22916
3489 7050 7014
13364 28867 2109
10330 13876 32121
3189 3252 23108
1896 14037 22035
158 3918 28576
9373 19432 21892
2286 18087 23936
9850 14393 18315
12750 14232 2322
4139 6642 14826
28145 28547 27247
7388 19777 784
1647 22989 30965
89 1758 26619
4027 15303 14696
7114 7450 19608
18212 29946 15272
12929 30273 23633
4406 6931 6379
3821 18799 137
9786 20446 1202
8969 23347 22830
1784 5397 4594
10723 12679 20405
494 13552 15152
4973 29454 22293
1363 26547 22393
6348 21404 2968
21286 32176 16256
7799 9319 15270
20817 21113 19787
16259 26749 32464
4326 31025 26158
10301 15948 29374
11057 15172 12814
4027 5478 3548
14586 31206 21534
4900 5056 17871
4848 6191 14481
423 20510 7192
1014 5805 10234
10620 12147 3452
11703 19133 7252
6513 20818 28920
2382 27417 7390
2552 7110 6520
8472 22600 32088
1191 12592 6532
3241 25347 4674
4271 31485 27295
1245 11177 3880
1712 2631 532
17793 23890 9511
7342 27590 6997
1128 19496 26407
4732 16030 17483
6381 12809 18052
25164 30186 4638
1701 13734 30235
1753 15122 25944
7701 26514 31474
11457 31569 23166
13909 15880 30970
8586 21749 108
5083 9034 12182
22078 26939 16403
1228 13286 27891
778 7651 6518
4654 8524 20559
9214 9661 2032
6235 8819 21184
16747 18918 5157
9351 16257 2849
2296 30073 25659
25104 26287 19754
366 973 2847
99
3989 7961 21920
7552 24713 458
2547 23785 19399
894 22176 26144
17183 20013 1580
5557 7108 21723
2924 17751 15431
843 852 29758
28507 32705 16474
342 11100 12739
13630 19048 20756
31678 32055 2766
5987 17245 21862
694 5001 27995
1820 1851 3247
7609 18235 16418
24330 31800 12683
6567 18574 24292
5354 13504 6121
1666 2649 17123
5904 8588 32569
12143 13576 30895
3913 4020 14276
5145 9216 15317
3404 18741 26263
26207 27507 26123
5040 11995 13705
8618 24001 8940
4494 22672 9531
288 20221 23151
3274 17792 5417
2950 14903 21392
18195 30610 31271
2457 16270 32232
3065 3626 13785
202 827 27692
1125 8743 8711
3473 5399 8900
14992 22943 14568
992 1352 17660
22118 29645 24489
3026 30233 12415
23241 32286 19171
921 9259 2583
1524 2416 19645
11686 21881 28653
2211 8919 10987
2996 13551 17594
4941 5510 28365
7832 9091 9384
1558 9134 3156
5138 18695 24534
301 622 19582
11979 32315 8124
578 2352 11906
15613 22205 29661
2343 16133 32520
3990 27883 14224
19930 20694 18176
1734 27354 26056
2657 4490 31731
19234 29416 20759
52 376 6626
6411 20374 9580
1066 3251 4883
341 1447 26168
8177 18451 23644
13692 21697 5885
703 783 23749
6318 12800 13690
433 6335 15777
4795 9523 29667
3817 5278 5226
5913 31937 1779
3178 4074 12801
15894 21872 11964
12657 12974 6948
4510 19062 12914
3989 4058 23613
862 6047 9904
8081 13816 7888
6228 23158 21226
17132 22113 12589
8431 16556 13820
11923 25338 8515
3516 8497 21281
148 1761 12693
1830 2748 26553
21000 30871 23495
2130 3512 16282
5494 25731 22083
428 16593 24812
7674 9452 15064
1323 1677 2495
2657 14515 2668
319 16317 18643
30318 31860 28186
401 10668 10322
7801 8670 20552
95
15469 27377 20317
4954 13636 7128
7194 9467 18030
787 26841 24234
6474 8625 31020
5774 11108 29482
2396 15963 10245
5647 6743 29470
11156 30829 1681
981 7982 2263
15874 26005 4857
4191 15039 20450
2910 31002 19844
29002 29730 15937
322 949 26129
688 2479 26720
13611 22320 21417
20926 26574 321
1942 18786 11901
6132 15488 26004
26 2666 7905
3487 4087 7091
2697 28726 21530
24394 27025 19388
1466 3515 19501
736 1547 6721
8477 13921 20966
17218 20182 21827
7453 32403 2251
7414 27590 22131
1486 28797 14017
1783 16287 12015
1286 6227 18827
4484 13603 28663
3501 19891 27238
914 17836 330
16778 18445 23665
15651 25477 16685
1352 10766 29352
5132 16753 29517
4858 21631 12432
4538 7718 6902
829 2846 13552
1542 5542 4691
3098 22098 28709
1590 21439 21437
6985 8912 28662
4596 10771 19260
317 31886 18674
13865 20856 30149
27480 29837 27070
3736 20889 24799
16463 22881 32477
26896 31505 6324
14745 30864 3542
524 24450 2997
329 13073 9417
2569 4177 12895
8556 22924 30669
1242 30733 11971
2928 5437 6066
7680 11183 27352
5189 10366 9718
6206 26676 19912
5583 7771 6159
4225 26175 16309
3825 8910 20574
3282 4288 12455
10126 17773 7523
6795 19678 674
4069 26284 8202
7769 12431 24598
1309 5126 16421
3345 4768 32553
1787 12713 17013
5852 6692 26504
1225 4220 21970
4232 11385 21440
450 1428 5448
4891 8303 2135
7577 21615 6991
10939 16938 18963
2138 20375 26203
15225 18141 18997
847 2937 2435
1580 8303 14995
8384 28049 1004
155 162 5332
10358 22070 12340
6239 6246 18238
1848 11701 6430
752 2886 16083
6585 19831 13090
4362 30785 31152
6380 9314 4788
97
15852 16952 8640
17761 29407 2349
4202 9469 29764
2062 28215 31466
5054 6879 4874
3865 4086 16005
1889 24645 25772
2227 11736 11014
22417 30454 15543
10438 15302 564
10186 14286 25132
4208 7656 30221
699 3530 29137
386 2848 19048
2477 4283 17783
5758 25794 23834
46 57 9608
1846 4966 25724
3712 4012 31863
5644 8725 10020
3599 6799 7146
2929 18522 8486
9974 17458 29103
971 10443 19016
3888 18595 24290
1260 3370 19935
17718 27791 19922
5155 10807 20568
886 6194 13174
2320 17596 10131
18900 19890 28579
9267 16003 675
5880 25979 2876
16378 27958 12937
23406 23410 13838
25902 30296 26885
1344 3611 11805
2588 4817 9108
9785 11529 30855
5661 25038 26674
3028 17962 6222
7181 9694 18043
349 31186 18850
9993 14485 2878
4254 27541 18570
1 25 3493
4518 6726 24564
3461 3940 17520
29099 29630 31380
2035 9516 14088
881 18740 16680
11914 18082 12616
16735 20305 2540
416 2694 12882
1482 8512 2916
522 7762 11726
14049 24680 30928
22877 29277 13401
3231 4766 30942
2834 6980 17180
4642 24290 22389
8053 9729 9152
2318 19726 31161
1451 10617 15662
6773 18175 1926
2089 7011 19178
3608 23066 36
2036 10198 29672
11494 11840 6109
4632 20964 31523
7708 25486 23221
5850 18700 4968
3583 6781 13440
18189 29282 3340
21425 25144 14594
27528 30150 28557
6576 14151 26334
25804 32384 27207
5993 12513 13953
5610 7188 11975
916 1408 8778
4483 6965 3171
933 16267 1953
4468 6167 22560
3684 24887 22712
12063 17047 7434
9171 25323 9512
642 8685 4234
23552 31176 5046
1315 26856 9064
29136 31785 4559
12477 27871 4971
1057 6196 19884
20557 24801 27357
19808 29910 5659
652 25545 12902
15627 20413 1879
77
3815 19169 19244
1211 2499 11976
811 12960 29893
9236 12654 7560
5535 8533 10893
10157 21450 28201
270 362 30183
3054 22297 3113
22399 22437 19510
9539 32681 22161
27857 30326 29527
798 8167 25517
4622 22104 7235
1179 2556 6761
1856 24886 12406
581 11550 7510
2855 7386 24296
5515 6170 19597
17027 17609 15289
3972 18388 15076
556 7708 20972
677 922 10292
7071 12342 26811
166 25253 13730
9020 9066 1640
8094 15651 27169
9499 25319 30880
3362 4248 3250
3845 20875 28353
3442 4728 9994
10402 31080 3244
1227 7501 32412
3864 11294 23779
7504 9155 19272
2725 7776 16163
2926 12907 14869
12011 13107 27839
3944 5152 12224
9556 31695 32354
850 13896 4620
1093 30504 5894
10078 16748 28689
227 26761 1598
1886 20442 250
9243 16070 26662
606 3919 28158
2048 3570 5020
219 15325 1898
4687 7068 6021
3231 4487 11805
9 507 11856
14730 24389 12742
1914 2202 31484
4698 8566 31168
2639 4444 9531
7267 17126 20836
7594 28400 4758
8788 10990 29219
4101 13842 6303
5534 25697 13520
2341 11560 10377
2923 15419 215
23100 30235 11973
1830 2129 27483
12309 31874 16756
7131 9586 20846
7999 9840 20177
30044 31158 24547
812 20623 22747
494 13048 16487
9914 20035 32228
4592 25249 22244
2125 3344 9695
11509 20309 27483
4263 9850 14963
3435 10785 7102
8045 11792 25665
1
300 19773 29034
92
875 29159 6298
15934 26953 17224
13005 23962 9576
3064 6879 334
6736 27765 26113
14224 22935 32099
3481 11987 30588
12332 13097 30072
2268 19263 17255
10774 26887 31756
277 1514 27060
12534 30717 8193
586 29866 9162
17692 22673 6863
5506 21478 30654
6055 21191 30090
1832 2817 32540
7811 31567 10871
7436 12058 18127
8164 10578 19489
11677 18762 30208
6420 15179 31799
14377 24986 2054
7751 9911 19340
4051 25191 2499
843 24968 18968
21433 24570 1280
96 1418 26833
851 15984 9373
22572 27986 10405
248 9293 12987
405 18243 14600
12001 12880 28200
1250 1737 28116
8333 10589 26287
545 1258 10085
1264 3486 10272
6137 22699 14648
168 551 2602
6880 17670 23168
1129 6845 3933
4694 23905 2405
9038 18841 26604
658 710 21735
10476 27958 32013
8032 27468 2722
7460 26255 28675
7492 21104 7397
5891 6741 17461
612 3153 2772
18747 24586 3559
8022 20234 30611
13718 14337 1897
15774 27810 16042
8666 15794 27864
12344 15687 800
3886 15840 714
11756 27854 17413
3033 12429 18039
3742 4020 15453
1034 9387 1600
5397 8972 3498
0 1 6051
7505 14370 15243
7561 24526 7161
9485 22467 9258
15948 30471 22422
4726 29270 13416
138 3395 5921
15052 18780 26640
15868 19889 3391
25519 29679 1398
23113 30639 1763
1499 17227 16715
8117 19166 24289
3279 11670 25230
9250 18109 18847
4497 21594 26590
1531 6715 30700
2103 2412 26277
14561 31162 15468
9481 12345 12743
2706 4732 24858
18865 21168 6365
1939 2162 17104
1523 2115 4652
6394 26588 9933
12667 12975 12495
12618 17993 8893
5185 26513 13772
1134 1746 27048
4785 28401 9750
100
7953 10463 24131
2017 24771 4883
13676 15607 21663
22302 23668 10584
2244 16869 2061
12511 15914 18127
14868 29493 32058
6789 14505 19164
2362 17665 14849
19203 21761 11816
7314 9889 22651
5044 8402 27148
12720 25072 25499
8025 21504 31471
2444 19890 10117
12495 20275 10678
1789 11963 28434
10396 26296 27810
1043 14047 21841
23842 26003 27177
3732 25060 11485
3587 8945 2217
1151 20450 22618
13527 30771 3090
17771 31187 5763
470 28741 7887
235 2122 2438
11248 14603 21913
21332 32130 29863
6405 17917 22014
1279 6982 7256
10197 16203 21947
4121 16999 13394
14763 23339 15678
10637 19632 9299
4122 10001 25065
24384 25505 30594
3461 9480 7408
3786 25944 21425
357 1382 2530
5696 22118 11507
14121 16271 1094
21117 31378 24388
5776 27775 7629
5075 18348 15149
2674 7257 20229
18148 19713 13227
23426 31793 8858
4964 12054 2766
2055 5051 8062
18572 19109 26553
2379 15028 20634
11539 17185 31768
4494 13341 2250
31 35 6178
1112 12699 30811
12403 14990 5053
11455 27548 25925
35 1363 6247
2174 2835 27081
686 1809 27369
15177 26595 5452
11543 12559 9475
8380 11099 14722
7565 30011 11920
5336 18502 8762
5332 8249 726
488 643 120
3623 23973 14841
7115 32288 415
4023 23565 14289
1783 4712 29133
5530 21341 6283
5531 30574 29890
6636 11177 18658
4963 25839 25322
5125 31637 31446
10310 28587 16473
6626 23769 10529
12927 28288 8673
12639 31369 27364
602 749 14471
1036 4135 17980
3110 6342 13828
756 8625 19393
7 24384 23830
7946 21539 24096
661 29092 26309
10529 19239 28744
5566 12354 501
98 7150 2536
11244 14970 9424
2866 3674 21807
7472 8447 16372
21316 23820 10762
11053 21400 12646
3640 14836 19029
552 4109 10685
7759 24682 8126
12205 16386 8188
36
5962 18481 20970
277 13106 4780
2586 15052 15717
3604 21130 31102
26399 28752 7574
1251 25457 24509
2317 2805 11353
798 901 451
1903 12028 32620
19490 28247 26001
8195 10622 17625
2244 14751 29612
6479 11614 28230
371 2254 2620
19057 30048 21247
100 118 22187
14044 18132 24272
3601 5948 16696
2666 21084 30724
2594 9555 4918
4219 22701 28971
887 5296 3058
1348 22365 11127
1465 9079 8563
3119 26146 5317
3900 5968 405
24708 26380 30907
17378 23463 23848
11360 19608 15991
1913 7682 27162
2302 3765 13510
7289 25333 10977
805 1044 3296
1241 4953 14480
5484 18265 10263
20016 29904 23138
38
30464 30473 12736
1857 2998 29970
26872 27387 21581
2267 5399 17433
24855 31185 13549
17283 29593 16558
4137 4188 10423
20760 26999 8642
13247 18818 1152
2021 2045 10119
7850 8689 8533
20266 21927 4456
462 10173 17403
12478 16144 23968
1029 4380 27771
1692 9180 27723
1363 19633 29670
7251 11493 24070
17987 25388 19923
5936 19271 19065
5514 13608 4162
7381 22575 17764
3571 4490 24556
9220 23405 10501
893 8148 22574
303 4925 21223
14855 30500 19715
356 454 31880
14750 17882 10967
1781 5432 11092
14389 30489 2833
528 1433 27613
552 6815 9636
7332 20380 14950
17665 18598 26388
9016 22039 12055
3619 7889 28578
2833 15348 20077
100
27553 27787 1716
5114 7526 4792
2267 21841 7641
7838 11141 20049
12761 15569 21965
530 3141 5054
9664 14623 29996
2 11 31304
10204 10927 6519
2335 3097 28989
21181 26546 7314
20642 31642 17437
18011 30488 11940
308 1916 17544
6244 11835 20528
342 433 6705
219 4245 18045
2573 5480 6204
456 13080 6312
2927 20828 13519
2357 11518 11770
2959 4700 10951
15430 24108 22099
183 21375 14029
718 6008 27589
387 14033 6200
1391 2938 26815
3982 5215 21380
4402 28334 20561
4014 22239 30537
517 25608 11883
12608 13425 9714
8757 20307 21557
2637 14122 13738
1002 30962 22721
1095 23654 9517
1012 9943 24781
2139 8979 16271
5247 31948 20564
73 118 25099
5212 10856 24339
2218 12316 15995
13386 14141 9562
31657 32492 31247
7269 11819 10426
4600 23195 31566
3660 3801 18540
2474 26097 27541
10763 22715 14220
3880 26529 12172
11311 17726 1916
8663 27805 14145
23260 28386 12037
10716 14380 20975
7373 16753 2838
1402 27451 31396
8017 13206 7215
26894 31116 10800
572 1145 20442
9362 24283 28719
969 6198 1983
18836 24339 14353
3977 9277 22585
15730 17437 93
8267 14597 13936
5772 20736 14766
3895 26778 4718
21146 21819 20507
3090 25062 13216
3227 15532 23813
25972 26312 11967
4821 30552 30843
2923 5977 552
3556 29173 26818
12199 14062 25077
3987 25352 21401
21323 24501 3967
14301 14826 26703
1528 8195 20505
2409 21535 2764
6034 18599 17682
2112 4792 10011
18995 21991 7023
11975 19645 21009
1644 25834 21469
6276 15572 1833
2579 9665 21431
7061 14233 31924
10212 15944 5709
1174 1385 32476
435 11418 16802
10842 30093 22335
17619 30672 9305
1155 31236 18945
18534 29754 19091
3656 8802 29351
6320 7257 30175
26557 29053 6685
1777 4674 26775
5329 7388 19636
14
12091 15574 5671
6335 14649 9609
9721 9814 7688
433 13721 1337
3159 8861 23867
6250 14334 19899
12570 28653 27588
4300 8408 1005
23788 25188 6018
20068 25951 31024
3145 28197 29328
4335 22488 29968
27014 31713 1857
13376 29499 9482
38
21140 21564 10058
7837 11481 3065
2163 3963 7793
8516 19022 21030
11249 21617 18687
237 2838 12493
4095 15769 12708
2983 14486 3796
13899 16082 19769
2001 5452 15622
9161 29208 11313
4997 18930 26500
1226 6835 15950
12294 24553 18013
13378 16120 18798
2016 18000 13947
12587 15605 23172
27646 27792 23405
158 22682 25636
4935 14403 32699
31 576 39
19394 21956 27836
1853 2717 29262
1695 27083 13359
4348 13697 10222
5902 20440 13574
7048 12026 5394
5595 9318 21018
23455 24230 2447
2970 11030 11468
788 866 30975
32 86 3772
4860 30104 18080
5706 17197 21788
4872 30935 648
2092 20275 30022
12189 13689 14257
807 2016 26018
20
705 8938 28083
704 4640 3102
1204 13042 2795
10735 17951 24817
986 27774 2233
10424 19822 25038
2393 16406 16185
6664 28359 8754
129 1233 8604
26990 32624 13629
13167 14306 21828
3792 5498 22704
15893 24874 23993
7930 20290 18371
469 9271 24779
161 1709 32490
137 629 27963
3394 4242 21985
335 32390 13243
4414 6478 18333
16
655 4762 21883
6133 29555 7587
6742 10154 10814
8428 13358 13075
2200 8216 12966
1851 12658 22219
1448 24320 12306
19174 21274 11973
2083 6019 4511
8967 19280 7668
13192 13731 25350
5523 27524 7101
10382 20319 11636
12865 26449 12628
27832 30747 13634
1245 9448 30773
83
2659 2865 30619
7220 15649 22721
5968 7089 3221
196 5129 1580
558 861 15082
7413 15147 28063
24 108 8059
12511 31865 15301
2855 17464 17010
2295 12652 8328
5549 8930 18227
2308 28306 1623
6001 10007 10517
5177 15605 28019
3811 15767 5708
1753 3282 13229
31623 32651 26565
15091 17815 2845
12402 13259 20444
772 1323 698
9485 16043 29499
6875 21728 23006
1532 13538 1606
15802 25766 29717
9929 29092 3800
17997 19798 13515
12327 14609 23879
195 308 25269
13259 26494 219
11085 32242 268
6158 17226 15174
4569 5591 24813
1402 2609 5060
76 19935 6014
908 5224 30173
13796 27889 5545
60 14055 4359
29750 31860 25740
13762 15262 17826
4866 13547 5610
7200 8595 8437
2787 12654 23113
7294 12316 3386
3207 23306 30335
1917 4018 15334
3197 22897 4306
8 24579 16288
109 2189 4613
12152 30303 6314
2470 2753 12514
3449 24715 29105
1966 7690 16160
15824 18332 17458
4098 28220 1206
1142 11122 25340
5886 18697 29435
1878 31455 20090
871 26779 19235
4514 5543 2503
2591 4065 3069
4417 7387 14521
20148 32745 10485
666 27447 28260
19735 28627 16588
26708 29328 4299
9074 14659 21641
6187 23671 25013
22163 26980 28550
10601 31637 26078
18554 27345 22445
5694 10354 23293
2609 5887 18750
2398 24483 603
15265 15876 951
728 12436 2281
7497 10698 5556
1639 4965 5911
15228 24080 29667
5981 24984 25054
25361 26824 2905
15430 16511 17338
2943 3756 14833
4177 7598 16260
31
30594 30863 15579
10350 28903 9991
4351 6938 5103
1826 3176 7946
3392 9642 7483
104 1982 11534
12963 18026 12550
2817 26842 6418
7789 32168 12027
7844 18783 3293
10828 32098 5399
13209 31040 4809
9219 17009 25894
1889 2525 10371
389 5575 15092
4088 31451 10713
1578 2428 1212
2641 5223 15353
4576 22683 15487
3896 12973 23467
5751 8694 7233
13118 29857 20835
4963 5476 24673
5912 29810 9290
4347 10292 4745
23999 31296 16776
799 4286 23787
1243 2529 32633
16737 29274 22722
10148 21224 31887
694 6691 31820
44
438 4910 16971
3009 21015 22088
5884 14345 21752
3572 5169 20883
830 11875 26836
4241 5789 24695
5659 8295 219
2052 18755 14776
1508 21084 17940
1785 28992 22153
15752 31696 19755
8698 9099 4479
8884 29757 21294
3052 3659 12661
2348 8150 985
2809 14697 3517
13001 29822 8498
1409 5950 11051
4493 22553 5998
7410 9326 18916
3895 20659 31048
502 592 27120
5520 21559 24667
3995 31093 24835
12131 18592 2590
10063 14887 17916
16019 18168 5511
1184 3838 18179
31 17020 20115
1705 6614 1366
933 8889 19478
8573 11724 24095
8748 31364 6564
5543 30998 10734
6608 7960 2678
1365 1986 1188
9730 18883 29589
16570 17608 11771
9828 29665 15024
3221 4347 5866
3107 4128 13411
18156 24491 19094
28321 30009 2028
4002 5927 8594
96
1898 26508 18265
9367 28764 32007
10184 19324 13100
1123 15262 14107
17490 27820 14727
1489 30174 19882
11213 12689 28924
3696 21676 20924
9356 9395 21885
1443 3209 23001
1295 2407 18867
5425 8796 25173
3018 13934 30162
10258 18565 7637
11700 21481 19445
18581 20279 15242
2518 19493 15981
19337 25366 30166
12559 22308 3719
14426 18011 14175
3889 5878 6840
7147 12260 7604
15469 20285 18731
11986 22769 26635
151 27760 10277
9013 19853 17875
1855 24502 12224
5673 7374 19454
7725 23155 18662
15997 23916 26963
11130 16609 27545
944 28775 20784
11765 19782 23272
3258 20139 20856
9312 26020 20253
6246 20474 13227
391 9209 20240
1223 2182 29270
1386 5486 8095
2446 26617 859
753 20221 7352
4252 32737 3265
9041 13945 4479
3008 4282 23828
20504 21761 19820
146 1037 16756
11481 17473 21121
2929 8028 8931
19003 23054 7393
16632 20181 383
868 11843 15980
3474 14332 16281
677 1253 26933
7188 9167 2037
1209 6906 6630
430 3352 16789
4159 24216 28525
610 2785 18646
8908 19222 28558
4396 14403 22737
774 2151 4139
28469 29201 314
1462 6398 27483
5650 6154 1072
24249 25564 6319
13507 17041 21695
19333 20617 20532
8592 24357 31237
1640 2345 19472
206 13577 9268
6553 23287 25551
2959 16609 6118
950 10176 10426
2792 28967 2437
10749 31542 27854
25016 26316 26034
1878 11572 9770
12869 17508 9449
5440 5714 7959
3557 7074 30688
18904 20047 26345
25885 31768 10058
11570 17468 4723
4850 22391 15625
15176 20083 6854
11812 11969 17908
7457 9406 8041
2112 6438 696
2850 8501 3415
142 143 897
115 13502 15964
9643 14585 15728
7257 16951 7345
3717 12082 31236
2222 8114 17635
6741 8345 24574
89
5222 30205 28902
4724 21985 18786
3164 4364 5174
949 19020 12466
10431 24596 29375
21850 28522 3044
21764 31396 30970
13750 16125 7156
3642 23527 562
8091 8483 26068
7064 16194 17579
23816 26459 31870
3070 3980 11748
72 2890 5332
4655 23796 671
429 5653 11998
4669 22216 27062
353 7022 22596
915 7558 6629
3463 32686 14871
12959 14083 528
21449 25224 22594
4509 20880 16561
2779 4156 13119
5172 9319 27245
20589 22871 27875
11809 27328 18695
13491 13662 14171
680 1114 13095
9417 12027 16818
210 360 12971
4596 22654 6009
3239 6430 12932
27183 32213 4457
3540 4426 11848
638 1352 4879
7823 17094 11520
366 669 30190
28341 31138 32222
30499 30826 15507
9712 16731 2267
4987 12740 2191
470 3189 24176
3514 4749 25691
1015 25678 22757
5295 18187 20097
14122 14616 26350
11297 27539 9654
1396 21281 19081
5343 11108 11671
4291 7682 2144
202 529 29258
5120 23377 17176
16778 19720 25918
3451 3542 6995
12584 17166 14255
27633 28550 14423
6233 17880 18369
8491 21419 9864
11634 26109 31564
13920 17405 4170
26274 27640 12217
13095 17054 19163
15208 22777 2162
28 13364 5185
3977 10409 28117
3952 23706 113
12862 14655 3254
6195 24023 17187
12413 12647 10955
4186 7269 4388
1749 5104 16019
3220 7402 3835
17644 32579 31134
10112 12014 31795
7995 27399 27199
4668 21816 20928
6079 8322 5649
4638 10197 12069
4990 14999 205
687 13563 1384
12532 16501 2922
21760 32059 16381
8972 31306 1411
23578 23755 2862
17 410 16235
16214 22219 5284
15141 22294 30077
737 6348 3618
24
7565 12134 31752
9106 27764 8511
1410 19077 5905
252 9723 16806
9688 14503 28120
2071 6356 10901
21030 29108 18262
6810 15453 29654
2448 2586 30545
609 28520 4327
4080 20016 20448
2178 27416 25024
53 1399 16834
18533 32110 12486
3509 4660 17324
3242 8927 12312
3585 5906 14341
2287 14478 15488
6161 12234 1502
1755 2296 30373
570 27401 17667
5596 29497 13146
12828 25358 1645
13610 28979 27163
94
14728 15608 23357
13584 29143 10179
17417 26173 2087
14392 26540 24885
2501 7809 24236
333 27708 26139
16208 22434 10675
11897 17320 6818
12080 19074 4847
5342 9791 25283
6587 12662 8116
8446 25463 10221
793 1723 31269
7070 9200 15917
11793 14478 17667
24787 28541 13688
159 3261 17089
31482 32105 3874
2938 11206 18610
7585 17525 14514
3417 4068 23907
2142 3385 25735
7866 28313 3463
2497 17660 11787
11540 13204 1270
5810 18449 14958
5080 23044 25015
1967 8800 2074
24700 28087 5386
2581 10668 11871
5622 20379 2790
7118 10409 15372
4323 4469 19059
17180 25347 32488
697 27371 25183
19674 23016 5967
9765 32310 18978
11171 13745 8802
5676 27923 32143
18138 25791 19071
11387 11989 2626
2542 10404 261
499 16029 7879
7927 16944 21904
3520 9509 31126
507 517 7726
5763 9122 27187
1313 1706 16700
691 28072 273
10799 12904 15599
22332 32285 6932
4866 12881 20911
5043 14221 15287
2667 7479 19415
11051 14990 13637
2796 3212 7793
1906 15595 178
19796 27227 9219
5622 17106 28396
18646 22228 15251
1755 30524 7096
10708 19756 26468
1151 4929 20095
11525 25275 24605
1729 23580 20379
3212 27803 2642
2612 19977 14586
16247 22330 13750
7160 7746 32561
15002 22685 21586
25720 26825 27742
9365 12607 15764
10050 11966 6245
12305 14554 25635
12527 20593 8812
10517 19318 30374
2589 31348 7582
4208 8342 782
161 8024 22434
6688 31063 12544
7006 8153 26959
5438 13278 21357
3105 16798 29302
298 368 14982
501 6379 2015
865 2551 9852
3787 9156 18129
77 755 20699
2444 5493 17338
30750 30979 1376
7858 18313 12750
4559 4738 1164
204 388 16311
13905 14068 14708
3
8292 10575 6712
8254 22842 29731
15277 22622 31669
49
11788 24540 7760
18683 24113 13320
606 12419 30303
4246 24401 18341
8636 21571 1355
7425 17623 4043
12918 18043 18138
773 10065 1812
28264 32501 8638
10182 11738 32431
2913 21576 32735
8250 20661 17609
2437 21029 585
22619 32011 23904
8235 23642 12073
14563 24180 30431
446 631 23962
21801 25359 5666
6580 29007 30258
3688 5460 11692
4915 18127 12439
802 13028 562
392 483 5497
522 2567 29385
2790 11101 2508
9663 12182 1374
13125 30237 21266
6419 7555 2113
10467 17384 11798
14842 20029 16354
1078 2486 2158
743 929 1047
3438 18778 656
3203 10298 29317
936 4045 25451
3396 12281 1022
4838 28300 26557
714 6577 28916
731 3017 9886
7961 17659 30035
1021 30803 29175
11016 18505 15966
8357 19341 29919
5179 24913 11614
11407 25802 11031
1441 3618 12368
24807 28386 29718
3216 26484 19914
5151 11745 18789
3
13265 17622 2079
21316 25507 7052
12641 25629 29477
90
1893 1987 26529
4055 4290 24834
13197 32725 8137
5841 23820 28304
689 2836 21734
14171 18287 30520
2377 5667 23485
6677 12553 8911
217 241 24791
501 25720 32054
16493 22861 17108
17573 22125 21159
3520 25485 29482
2244 26342 31144
6816 15928 21013
6603 9437 23357
1541 3816 9643
2070 5256 31285
9052 21990 30035
11027 31880 24742
2494 4915 2565
19852 22671 18167
492 8950 26914
2133 20583 2561
673 28803 8908
835 2153 11831
2254 9852 3580
4300 23736 19410
9553 10170 23501
9489 10977 25708
1536 12290 6323
8225 17847 23712
12666 19633 3481
72 7543 13430
1897 15582 19481
4637 6814 12240
1202 1449 22606
865 13309 31766
27734 29365 10222
17237 30944 4803
3625 9203 25000
2757 11890 12465
318 335 14601
919 19361 18479
6052 16862 16968
55 8482 26693
11457 30621 30410
1040 25464 15802
4071 4577 11843
2556 11006 8875
6254 22535 22974
9745 25191 14300
4095 19209 9454
1663 5688 20238
18685 30714 6036
3564 14362 4086
5697 24228 13288
7131 16162 18859
1262 30385 12351
3386 10847 24749
21074 25390 6503
573 23880 19914
3305 22339 14444
374 9701 15500
6388 24699 20935
56 2763 6140
236 2541 3366
17793 21305 19162
4436 26917 23631
839 9728 13462
2640 28833 23751
3844 11261 26295
5062 11576 17221
5732 26952 13933
1445 10958 12577
2231 3178 7293
2907 29211 13109
1416 21810 20947
9057 13425 26349
8940 32008 8533
570 7105 11645
13331 18638 6096
7719 9307 15987
11298 12459 8471
4008 13073 8732
6686 25683 19876
1398 5572 29050
2258 29360 32358
2051 5522 31932
3478 4596 7293
20
7961 23385 375
1807 3291 14937
12036 16888 20733
5493 28091 18399
1711 2436 4388
11922 19383 14391
1134 1738 7989
17870 28665 6235
24328 24376 29330
253 3694 31006
321 26629 7280
614 3110 19390
6379 15350 6809
12451 28784 18132
16518 27656 17522
1978 2916 29729
12952 18845 1408
722 6094 7388
1900 2301 23307
3592 22456 19852
5
156 535 12808
1404 4358 2895
5338 6962 31986
9785 21981 21119
2943 10634 13342
95
11146 14563 7143
10975 21464 7024
6245 21036 15213
1296 4705 14667
5212 18789 4639
601 8790 5092
18815 30192 1964
8251 28860 4453
11285 16342 18916
6565 12284 29987
1052 13489 25509
11490 19117 20394
7746 23808 24612
986 1327 31779
2651 3457 20952
10289 10342 6182
6493 19759 23419
8977 14919 24412
4540 29670 16083
5406 6381 9853
1560 12004 18499
500 21355 27016
9087 28579 32603
21696 26527 3917
9324 16058 9179
1413 11947 14493
12967 20424 31710
9526 18919 15298
13019 21656 9014
12082 24670 23816
14963 15612 13592
135 318 31610
1529 7704 8359
1411 6590 21802
2721 14089 3588
9834 11621 18586
6875 16950 15595
17670 30145 8471
2651 18856 1797
12087 19169 6704
8747 23099 32631
3080 18489 27277
109 1165 22101
3585 6583 24779
18577 27628 515
9245 19246 32050
356 694 2477
6052 26729 2393
4938 20718 29526
12970 18043 2834
30 3311 7477
5619 32560 8768
1429 14204 32083
2829 3495 31064
2835 9129 13229
9401 10106 32447
5556 10316 23108
9996 28677 12618
14682 31740 23516
204 2982 29829
7516 15806 9573
26985 30478 12682
14070 15353 3897
10555 27390 3986
11830 30790 12980
3295 3837 23435
450 564 21976
672 24052 22605
4705 23579 31222
13851 30124 14672
411 1169 15254
2148 9888 2022
9120 17440 24845
1187 2990 14188
834 21070 647
11096 18810 18158
4152 5650 29048
6238 25516 3893
393 1361 16031
5536 27219 21044
3956 17395 17706
372 11268 23882
24466 28338 18079
10426 10649 8674
2954 18102 13968
7014 20127 8264
2019 2699 9795
15760 32203 28375
18414 32299 8156
14435 25363 7112
1758 18175 32169
15651 17722 12870
3135 8748 13718
7729 20217 23451
20214 27272 31235
73
716 2061 12551
18533 19405 12430
799 20522 9604
21375 22450 16965
14428 17358 1837
352 3434 28559
21958 28552 6914
4145 9239 24241
19199 25436 3101
1625 5586 4177
2 189 27849
13784 14332 10540
2827 14059 8332
4041 19602 9504
1827 1876 5801
1700 13859 10717
3120 3836 14805
21 69 31194
7357 29475 9478
26026 27794 30817
2231 16036 22184
3496 14484 21964
3803 19126 4770
3329 27442 26442
526 2334 14572
281 14449 28619
8405 16120 22953
41 171 18394
4092 18068 4343
7073 11407 28821
709 5155 1025
4624 14718 16896
19176 19497 1522
2543 16932 8040
354 3049 18131
7059 15715 31891
23743 25417 18310
75 8674 5347
14031 15586 30036
3545 9956 4557
14322 23604 5323
2058 2866 4125
541 824 22233
3935 12602 3081
1153 1992 25713
366 2994 18948
4852 30353 11290
3030 22630 26304
4150 9359 6703
360 3825 25335
3885 4413 28613
12635 18323 20417
101 2824 30060
5356 17001 18085
9324 29856 7750
11500 12715 9392
6562 9529 9515
1930 2493 8743
10515 30433 4308
6413 28728 26816
19616 32116 11580
21342 32564 18524
25931 26067 14270
595 1148 11956
27926 28777 2208
7190 15476 8325
10105 11043 16375
5804 22226 13075
3840 20076 13628
2823 26498 31520
5193 15811 28640
4925 20551 8874
1848 30727 5313
77
26889 29519 3220
3941 14320 10867
3370 15389 16833
731 1297 10376
4354 24523 20058
2521 9505 4509
9395 10519 11056
8343 11627 26802
101 15852 25309
17093 21040 29966
6128 21250 13630
1379 16310 8898
10404 27580 12636
975 1040 8629
6187 8840 25528
1321 4025 14860
10784 29998 12343
5638 26449 764
292 28117 13853
11791 19242 9578
215 3237 475
10518 26971 9705
14292 24393 9123
7848 13713 27124
1869 2759 21232
7882 19945 23160
200 354 26252
1544 30303 14849
136 387 26049
7733 15559 3894
60 7139 8874
5783 21834 29790
7436 11872 30443
10516 17359 17185
15390 20041 13104
228 234 32718
7158 22536 26440
1536 2336 10687
1170 4974 11195
8460 15257 16065
1761 25363 22302
7231 10657 23933
2090 6782 22688
2043 2695 5975
4878 10776 7811
3476 32693 15433
3775 8474 19063
9571 17179 19351
23468 25841 20243
5578 20031 19058
13169 15051 14567
437 4753 7659
5374 11085 10965
1225 3032 14270
1816 12713 18611
418 23504 32223
8546 24188 15465
9506 19023 25293
16781 27723 260
655 1932 14618
54 1654 31862
1184 30305 30380
332 1264 31736
4370 8860 27804
21022 28204 12370
6896 27577 32445
17350 32238 7788
12182 26269 12857
1453 2834 28147
445 6442 3269
1705 16219 25349
1551 2247 18005
23454 31723 28949
9153 12587 19798
12187 18938 1156
25488 27406 8672
10007 10967 11692
51
9823 31216 19303
4939 22390 2939
17557 31939 24218
7368 11972 21908
15376 15812 32646
3681 4419 19917
3497 7621 18223
7312 11619 26876
2587 5624 2856
1531 2617 31563
12138 16168 20876
13477 24340 27563
9583 18649 15359
26411 31223 5356
7428 11134 20151
7545 26108 20047
936 2120 22980
22472 24320 21417
674 28230 14857
15075 21050 2407
17596 28608 29862
14796 17272 29472
9346 25625 10945
25330 32068 13175
6405 12706 23796
1222 1565 8813
14502 22550 15563
18396 32642 903
29970 32707 12302
15428 25480 14149
2070 23178 31953
2117 7211 31712
10479 31543 9864
11277 15268 32595
12093 15587 9091
12731 16223 14602
12623 14175 4000
574 20333 19415
21675 24279 11298
20984 27269 8448
4128 7216 9698
1216 29421 4987
255 14543 4691
7357 10983 28341
11165 13253 10521
22105 28532 18040
4083 20377 17185
14435 30347 21964
4066 12071 27000
1968 4630 12521
19836 32077 3410
99
3548 11446 11866
12296 24730 8809
1902 12202 15230
7407 32610 11351
1155 6878 6060
408 5982 15743
3273 27963 23206
19981 21229 22913
777 1676 2618
1578 26921 20770
26916 30519 21196
3888 21424 23914
625 7271 14274
6820 12529 13135
6425 13973 6519
474 6602 19828
4911 8632 12720
4785 26536 4596
2490 7547 10454
23040 25691 22569
22555 31059 30050
8336 12125 14060
2008 19273 9263
17190 23621 32210
21542 27081 17342
16431 31891 23610
26663 32743 17800
139 31524 3930
117 4300 4086
5923 31201 3205
26324 27215 148
1231 21135 3940
301 12258 4505
429 459 19412
2594 7772 1760
7252 12175 20905
5050 15949 17885
4497 19166 1162
10032 15828 6461
19464 22112 29847
18326 27705 27691
6186 8722 29860
7842 8372 21104
373 21094 4391
4 807 18923
6218 20315 5937
740 2235 22296
5406 5745 15615
1948 20377 16785
96 144 17937
51 11321 5854
1184 26933 15048
13956 32766 2280
5344 22145 4081
8153 9240 2787
8283 23043 29904
5878 9439 2717
25049 28754 32389
1317 2346 7526
7680 14797 7650
3585 15946 16142
1100 4381 18695
1505 19636 9908
10028 21593 5220
457 639 2132
3884 15304 12016
1567 6203 11093
5156 26051 25523
10785 18905 23949
2976 24867 30454
7397 16526 18291
1363 2104 32699
17080 19454 20846
10189 31813 20037
420 6164 29581
3306 5616 5849
2137 6730 16393
681 14631 1025
7250 11350 3677
3878 15211 5620
837 887 12251
243 385 23802
2166 15055 22534
5081 13808 15065
7140 19601 12825
851 3044 31665
1783 26866 19073
16978 31299 20695
7449 27417 20026
17071 18712 6283
1010 2940 31561
3609 16293 29595
6353 11383 17607
15551 19383 1619
649 2300 29252
9742 11025 29773
26667 30373 13666
923 1546 16118
4483 9119 8693
12
15594 26844 3608
2154 27563 31266
12918 16899 13887
11712 16159 12716
2652 17288 3313
6620 7054 14394
1641 2612 12461
9181 16479 29700
12791 13813 30565
7284 15847 18252
746 7471 24382
11230 28341 8944
3
996 1102 22145
21489 31077 17816
18837 19434 30566
33
9092 24902 25813
1153 6564 16460
8551 16767 15333
6136 13489 5281
168 2108 30432
22028 28046 2157
27466 31068 28804
444 5173 5961
6967 17510 17917
6325 6890 7545
3140 5287 18210
13635 30461 14813
9091 13041 11541
24694 29293 28572
6169 15369 29468
9701 15071 30680
12144 31516 7113
6889 12197 4811
9575 22999 8397
4581 5057 25882
6597 8183 22026
5790 10798 22859
6185 31339 14533
7307 12764 26260
1446 1631 2554
836 1046 21891
29912 30404 16203
4680 4942 28724
3013 27449 22530
99 396 20230
12402 17756 3093
790 19686 29714
889 17901 10548
59
217 3021 3400
22086 26408 22058
2675 25705 21284
28642 29139 29013
4668 7238 22422
6246 14402 9388
4564 11179 17350
365 11538 7482
598 14118 31459
21034 29530 8847
10262 23177 19503
11944 12812 28652
16859 31958 7483
675 696 19540
19991 31660 4016
8902 20924 10005
14087 15623 26677
9374 16138 489
1733 11387 9293
1809 5643 13000
22420 25902 19277
5435 6216 22259
20653 23609 10932
10841 27102 32238
21903 22336 26756
6965 16358 28250
1689 26973 13947
1291 20576 16370
5527 9391 1846
6838 16443 11542
4392 14640 670
9436 14225 17322
3356 27043 10554
5258 11569 20536
3356 9645 11831
1210 12814 20360
1912 17533 7743
1839 23086 12859
19969 23957 32127
1654 9251 6914
3216 9608 12645
12836 16705 19339
791 4816 23300
9494 12302 32062
27380 29441 19739
956 1936 14934
3485 4875 5420
22617 28052 16642
5337 15690 12599
7619 19201 23954
4926 9870 5097
9264 14537 18906
4238 32617 5979
6163 9511 20302
3231 20829 702
653 9243 30346
926 10182 24966
2942 3951 19005
5052 21138 10993
44
661 9056 25892
12025 26096 5257
18047 30981 32248
400 1469 30624
724 14074 29664
5754 11881 31515
322 1132 19436
163 3585 13413
4053 12981 26473
7892 19707 21925
9784 26194 15217
14429 15595 21826
6222 7109 11263
3878 16597 9135
12289 13769 25233
223 18122 17634
15482 29787 15535
21279 24003 28730
3767 19590 18683
4165 25607 21714
7683 9980 18830
7008 18806 6501
6075 8152 26840
2419 16016 30288
536 3105 18997
12043 13332 11613
15940 23014 29168
4644 6276 30292
21376 26127 14460
709 6143 2185
1440 12077 11006
4691 6176 2271
13295 28407 28538
632 3305 8438
4361 11320 3407
21247 25833 12163
3459 21840 27324
28021 31256 11007
23919 30624 30369
491 539 18226
8477 17012 25028
3785 13301 833
6581 17479 3385
1273 4688 18763
97
12399 19285 20698
2494 3868 28623
0 6435 28787
3041 32342 19537
6043 25528 16668
2572 6849 2400
7797 31073 18918
3406 18870 23844
12637 12978 30295
3663 22281 15515
1236 21700 9715
5880 7634 29165
2301 5061 9721
11437 18135 23769
7357 15150 1648
6803 10447 3155
15517 20073 29457
494 12593 3240
3352 28644 3510
13173 15448 18377
3506 21942 2904
11545 31257 15751
8141 23134 21955
1775 30752 14312
4719 7505 896
10997 15790 992
10562 31306 25773
4149 7319 12556
9389 12184 32444
1557 2436 31558
5125 10977 27210
414 491 22317
18958 28944 28048
9796 20544 14063
3320 16749 13085
5220 28481 3838
1402 15630 28633
14182 29558 31348
14449 21274 31874
684 20020 11595
4867 18340 9759
8662 32710 14022
5121 11772 5661
22297 30350 143
12389 28877 32281
3636 30516 1908
16710 20833 31871
1425 3653 4308
27486 29916 18048
10771 17864 11291
1538 29016 22809
8890 14776 12752
9383 9762 5657
6180 15462 14892
10755 20866 4966
2505 6186 17212
5972 7134 20989
8502 11759 741
288 791 24404
7050 18558 15222
486 617 24362
1737 2711 27017
3635 21050 29938
8563 29236 22617
20501 30881 19278
281 5512 9698
26470 28289 23903
2543 3747 4700
9585 9877 30930
2616 4280 12024
4009 6847 242
3424 28280 11753
24738 31090 6693
24594 31495 18962
958 28693 25253
12189 14190 1791
5432 12461 2123
11112 15516 31213
19 55 13511
1801 22095 29451
1701 10353 16549
3136 23936 19003
19514 25346 13025
5126 8490 21762
2859 3403 5633
1762 8827 13151
27732 31550 27880
7385 9686 16322
6459 25875 24804
2886 11310 4710
10282 32432 28580
15813 24742 17066
5157 6429 15126
6879 29809 28999
2819 3427 30304
6979 22381 15479
19216 28064 4718
3
7006 21654 25654
14 4548 21683
20577 27475 4709
42
2558 7904 13564
603 14887 461
16185 28749 25766
14515 22902 23332
255 1988 26908
1452 30263 32155
5766 13093 27429
23163 30774 15742
13087 17511 16268
15112 22655 18939
30372 32097 29681
2129 5742 14756
503 983 11929
8889 26563 21040
1345 10150 14512
1864 32089 29172
3558 10218 1976
14740 15959 19345
4729 17762 17950
21384 23027 5315
2887 8079 1070
5072 5148 28513
20550 26424 12758
17611 19360 16349
217 11352 5885
2482 30906 26352
2381 18091 859
12196 22782 31801
3362 24392 12304
6757 14878 17905
15787 18190 7277
1687 26374 19969
488 22745 23722
303 13110 12062
6449 30635 11401
501 3689 5313
3315 6225 28940
26179 32491 32522
238 818 31681
2385 27433 14317
1574 26181 10084
7629 19295 6469
35
6334 10495 17013
23448 24930 9836
1371 7734 18791
13237 16983 6141
6889 6953 6857
6514 9269 7336
2757 25567 29770
15411 23522 5098
6606 10484 8774
3280 5591 29011
8537 16013 11708
13412 28070 27556
889 1689 32590
10790 27279 199
2948 12377 27157
8154 26753 20970
8053 9103 26467
10440 29257 16944
11951 14324 26838
9091 15592 18345
2726 18884 6209
4375 7491 20885
1467 25209 13661
7376 18604 22563
2691 6424 3898
9137 17910 26915
444 3983 27622
3456 30732 8804
2583 6942 6865
22334 27719 21947
1573 17347 32453
19406 26107 23526
12950 27414 8856
11534 19950 12991
6241 9508 30689
71
14466 32578 11811
7115 9603 2085
13302 17698 32285
9204 10048 12152
189 1332 22485
459 584 11924
3159 8499 25242
18689 24846 29361
2006 28333 30420
10927 19669 892
3598 11310 21334
13204 27429 16165
6200 28801 1512
1315 1475 15650
2970 6644 31618
21056 24423 11154
4244 8616 32049
18957 26276 1150
5638 6989 25757
6672 17862 20340
7960 9180 8099
610 27019 6437
2965 8749 15502
2274 12795 11794
3939 4729 16578
26151 26587 18035
11940 12843 2564
3203 5736 204
7795 21392 32415
18001 23636 5627
10022 31038 27409
16362 30793 27811
4555 10060 11282
42 5210 27443
7325 11449 14853
23050 28961 28424
3428 4489 26425
5805 23687 29787
8077 26248 13448
5026 10595 3561
21869 31154 6192
16057 29812 7341
3727 32428 251
3855 14432 5881
4303 7387 21521
13234 21955 27595
5549 7412 11791
3925 5488 31295
7460 11806 24622
1632 6767 32356
11961 32509 2213
708 1636 3041
3271 16698 20877
3568 3672 1064
1278 11883 25576
11884 14122 14641
12445 23401 1188
6170 14345 28399
7535 9064 12201
1351 26305 31992
6353 18048 26965
8470 25804 16164
2671 3933 30970
12857 21855 7938
112 589 24364
546 1008 6518
102 19440 12557
20550 24544 2793
5839 28716 7639
4287 23896 4545
1714 10813 22094
10
18981 32600 5354
4593 10746 28486
1749 20581 7766
23486 26521 19581
6586 7134 3295
269 14939 32617
11738 22667 768
3023 24258 6104
7353 21517 3654
6981 25518 11045
40
4251 24845 27857
1322 23052 16027
5600 26701 18210
802 6030 19861
6101 7066 20150
21405 31128 21946
6600 32321 25299
6683 25596 32700
18863 20691 4140
1881 2345 4692
1375 4568 617
20183 29937 2655
8101 8960 1428
11744 31701 9094
93 167 13578
4851 5546 20226
25213 29448 14581
23317 24751 32350
21524 26484 29829
1154 1640 1612
1324 1378 5714
2781 3556 16856
25552 26174 27071
8102 24365 6313
19432 26683 25391
2560 27160 11029
6393 13199 31328
1212 5813 15651
1458 1768 19805
2488 28674 5597
666 2816 3001
18462 27063 31357
5383 5773 7437
2926 18502 17751
9148 17164 9977
869 7773 26257
13570 18446 22036
2525 5522 28935
2737 5656 27280
5726 24576 16363
46
1847 1978 20218
1485 9757 27329
29922 31184 12071
15781 20816 28452
12362 27216 17559
11401 28390 10089
5405 7954 8641
717 11960 27645
119 29725 10847
4492 7770 23805
2833 5179 28578
898 1551 8656
13345 16804 17727
21725 24348 21769
24152 28123 1851
6292 23532 6341
2709 3097 5759
9096 20425 20222
721 3021 9886
215 1807 20106
7840 20771 8534
8430 8745 30913
141 24465 13489
4792 5299 7422
8049 20180 9931
6468 22425 28278
6028 7403 22192
29635 30738 17950
3353 4072 29646
4915 18103 19854
2735 12476 32232
11888 20792 20782
751 1085 7574
5386 22095 9998
5654 6687 27057
853 22283 9516
17524 24979 18493
4212 6534 23841
297 455 22956
7411 12442 3185
15387 18564 21401
451 14660 14305
10352 11159 27710
9641 18853 3496
16483 27078 2652
7992 22246 15713
10
6804 9564 28269
17908 25825 10141
12142 15718 21539
6397 30409 7844
22839 26827 15037
12380 24440 28582
1417 3658 11327
7653 16622 21921
3515 9077 10296
1657 5210 18627
33
7511 11543 28059
5205 12520 32632
18405 30019 4004
1178 9828 5926
2443 29768 23543
5443 9597 7420
11273 18159 20970
25 10713 8037
18681 30070 8835
2917 23063 28888
2640 14921 25607
1958 6830 1132
864 8124 15505
6655 8105 18560
4436 6051 32070
27498 28795 19553
964 1492 12295
169 14454 7986
6200 21237 6068
14630 17281 1412
457 3888 10068
17724 31261 12384
807 1175 3778
11057 24799 23478
18883 26460 15281
7715 24292 29536
197 9786 9249
1582 11253 25928
1813 18323 27548
1212 4676 27729
3594 20524 1754
28815 30999 13064
14799 30367 31122
90
2355 4283 29387
1796 1816 19828
28553 29624 6900
12044 15365 21179
10971 13072 18505
1459 13307 12360
6577 10131 15119
3846 12469 2864
7869 9700 31395
2743 7086 31042
9864 16324 2059
3358 5112 8404
2779 28715 14811
6733 9235 18480
5695 11402 20102
10692 22636 4882
15765 32719 15997
507 31360 4593
129 9215 10675
11829 15840 6675
1137 5509 29776
686 903 28315
7155 26508 21695
19526 19776 25096
9915 17135 18779
13932 24074 5354
14 431 13928
8320 9667 8627
9551 22259 23835
13234 17791 12011
2115 30705 730
818 1875 22583
12036 21594 3073
20818 24448 29674
5585 11553 4044
13352 17980 15905
1525 20140 4914
11743 16533 13208
130 28629 14043
3898 5144 13750
1066 18761 18553
2998 13381 16000
21794 28962 25125
11799 18938 18045
29218 29899 8848
117 5210 22443
7923 8090 7977
1514 8153 28687
1503 26267 3472
1834 15219 7058
173 8838 21470
5243 32062 24606
2140 9938 18356
22251 24272 2115
8183 29028 29201
14014 20273 22468
2846 12370 16981
21456 23384 4823
11886 17315 17667
3297 3936 19469
3333 16163 17186
8410 16878 30227
16858 21661 13635
10564 26768 3526
1706 2322 16798
8206 12021 9820
2791 14292 7880
3699 9289 1159
8542 15495 15583
4481 14625 5855
9662 14705 5457
4989 19900 18686
17339 24999 1412
696 896 15361
1210 1785 13057
116 13815 10877
9965 31146 14327
12098 16071 30468
466 7249 19765
9300 17740 27590
14121 30845 25316
1616 9697 22267
6502 12532 11176
10204 17918 17173
17774 29851 5625
12652 16821 23279
7207 8562 7626
3409 5166 26990
1175 10536 21727
6 54 8530
96
2652 25739 24323
17704 23783 9805
10871 13837 27311
12451 30795 16460
2744 4774 26399
11339 20335 19419
549 3678 1872
17762 20314 21002
3945 5179 26177
12138 18266 27163
73 24128 12788
5547 15243 32542
4313 22033 3127
164 2543 9459
1871 2932 30773
5980 15683 28800
9110 17708 15623
6826 13515 30014
6301 9686 17587
4690 27347 15975
4642 16858 31837
5773 11161 25708
168 9355 26015
497 3283 20352
263 29187 12855
28112 31251 24152
6633 24686 14989
10166 17594 5229
6753 32433 13518
13407 26168 13672
2225 30651 5499
4083 6594 23424
864 2269 17350
5952 11983 13547
120 1788 6940
1265 2042 14520
3706 24956 24729
11371 12827 23982
22762 25395 11881
1428 28076 15868
7745 20681 12352
6578 30943 10464
5481 16713 13162
28084 29425 32662
8222 30932 21027
11062 24980 27943
10262 30391 13632
664 18321 8434
220 8011 22595
6366 26601 16898
5567 16242 15222
10670 21279 26006
2919 27271 19621
12354 17531 32097
5374 13595 23176
11825 13141 612
4092 24026 28673
16166 24789 10114
5126 25446 19380
7941 9388 11023
3664 8470 7595
18928 23465 270
952 9675 6144
594 12607 6107
18727 24416 193
4549 6480 30579
12784 14955 8843
10879 16865 32665
9986 18742 1685
432 7296 9091
4104 13892 7704
527 28028 16865
917 1471 14941
731 9036 11853
693 18072 14808
2929 8876 15760
6500 8017 30232
7383 17504 14395
9485 27546 4470
917 1947 3972
1156 14152 5314
1559 2172 7788
3547 6234 11368
9487 11295 13718
1641 3333 4540
1612 15409 14932
24478 25586 6259
16856 27153 20952
3189 9283 16757
18928 30170 30609
1598 14322 27519
2056 4079 2575
1036 5793 3933
3036 3038 23566
7941 10248 14493
3230 12725 16243
60
9207 9354 30499
3065 7031 24306
3538 13956 15350
1256 5565 6316
24236 28164 24020
9809 17252 19623
1077 3694 9538
10225 24544 13425
5427 15227 16983
481 2301 452
13718 19368 22964
8766 23942 21855
1089 3894 4745
10279 15515 25654
6064 16409 15578
14191 16508 31608
5021 26975 4925
11509 19126 10534
5345 21748 24009
5661 12525 21033
445 1244 25587
5507 8377 16424
26424 31020 14719
18962 30291 150
3199 5743 5851
1269 21767 7078
1096 30776 10107
6694 8609 1321
7803 27152 6412
14947 24141 649
10018 13576 19610
1574 9389 26712
29628 31370 26368
15907 26122 22313
791 1350 12340
706 739 21174
17013 24404 18771
57 603 32631
6599 10449 20343
1323 1831 21052
9884 11441 5564
22274 25354 23144
2814 6518 19203
9696 11018 23256
4710 8714 12363
738 15833 28324
1734 12017 2757
6124 6960 20022
2539 17034 18660
324 1547 15983
4885 21283 29720
219 1281 5838
3252 13307 4347
12306 15156 27862
28 17043 3609
5396 6542 8749
3001 32735 26001
15932 23361 8222
2707 5418 12361
2058 29125 18056
18
10606 13214 17353
6501 13316 2857
5993 7040 16343
5698 18747 5662
4054 5102 3733
2669 20284 23151
894 10332 31209
11819 14371 32671
13875 24457 13678
270 15036 30697
2707 28441 27130
18549 22387 29657
8497 13906 2342
3098 22842 6489
1007 4712 20244
9107 32700 22103
1500 25625 18409
11515 12901 27467
81
735 30935 13361
298 1498 16580
623 11819 24131
14163 30925 1479
7552 7939 31653
2438 27595 7621
1524 7298 2765
4940 8469 23215
6688 14422 31164
4702 11360 27833
2934 18356 30664
3148 10993 3631
1752 4946 17524
13513 26773 2908
16708 26429 1254
9516 13503 17268
1720 2970 12761
2871 4661 24757
243 19386 11805
1324 28939 13638
3801 8968 6659
225 5606 14206
10998 32685 4678
336 697 21391
2020 22798 18771
22765 29815 467
1067 11375 24569
2353 9843 6184
14526 23633 7917
5271 22376 29214
30245 32629 17575
13026 21845 7910
3364 29315 4984
3980 27834 5441
2124 3015 14840
960 19671 19684
11269 12929 9236
633 5624 23045
7898 25532 19814
5070 10234 4882
15011 27821 23964
13953 13957 12738
18559 26362 15897
4313 30133 6141
3551 23948 1053
4130 11559 13903
41 173 3333
8902 30881 21728
809 1698 4757
14612 17620 300
2806 20998 23362
7382 31716 29163
507 18829 3824
1618 10427 8173
651 1271 12971
451 26970 28115
6310 8543 28223
8272 10134 20970
4335 17196 5305
742 3338 23706
4636 5697 1338
10562 21038 31524
2075 3404 27553
1902 12743 18847
6298 18245 16632
10580 16686 30841
13259 28272 14763
737 805 2280
6559 9866 9196
897 3628 16651
9427 18404 8916
23828 24734 942
4527 17302 17186
18605 19444 236
10549 12572 11431
1518 3588 19497
8214 16367 16315
2529 2583 6414
9630 10233 20568
26544 27945 1181
8300 18939 30886
12
2125 5135 3387
15137 30343 11468
2960 5765 14872
27 823 14724
6481 10527 10569
22753 23240 6342
2160 5289 11774
270 4528 10027
1524 20666 13600
1266 8268 30582
5141 17843 15957
19800 32082 9149
17
9113 19907 28797
8297 32075 11941
10898 24725 3112
13711 19433 14997
9951 28549 22471
14414 29654 29227
5910 31532 20098
319 14053 18778
1983 9840 15461
15896 23057 22803
14729 30813 2523
8573 19081 13227
1677 5201 30830
4746 17130 8972
3955 22794 1287
10556 13321 28329
4950 27699 25375
23
7075 31342 15233
8608 31516 30021
937 32557 15752
21865 28692 5683
1538 2654 3015
3085 25253 23757
10253 20250 7324
8672 21470 26081
12211 19991 16165
8356 11621 19992
10081 11408 21559
5381 5638 8731
8730 29010 26352
6761 15240 22017
3112 4080 3217
14153 14999 29595
2962 4951 9885
3102 13285 18306
12360 28726 4987
7867 18894 25325
11417 23789 22788
10664 17440 23732
6712 20492 12746
30
408 12861 18307
7790 21125 12031
6149 25024 2579
1547 13306 20691
12116 13572 415
2732 11045 17681
25018 29181 26736
15442 26157 32000
4202 7687 7303
5733 10838 9085
2645 4947 21397
2974 19379 12613
6384 13696 28463
7102 14319 21799
13614 28296 9298
11 23377 28650
3190 5259 23138
646 4922 12809
20854 28191 25883
8862 9173 15763
2301 3628 23090
8917 20144 6351
277 386 3738
11816 18036 20090
3591 6049 4260
4754 24569 24243
3466 15731 2936
4468 7014 12273
10627 15337 13719
15 35 4507
60
3943 22804 23742
10776 24244 26259
6133 24018 22559
1158 8526 11252
3443 21458 29583
437 21541 4555
7197 22636 13700
887 31305 12284
2113 3468 17213
9005 27143 9123
8793 16694 17280
12439 26145 3355
2587 2825 3872
1149 4547 1695
2521 21456 1050
1596 8367 16590
2186 8060 22111
4351 4693 18819
8896 27678 1454
12900 25039 30387
3881 6335 16906
6533 11771 21087
3663 7457 4265
1316 17451 1456
19352 30673 376
24446 32033 28890
2135 10772 18820
2679 20300 10847
5552 29074 12515
8429 10891 23485
7452 15818 766
1922 28893 10940
2091 13244 9793
7715 31939 26051
24198 31815 15517
3668 28993 20240
10073 10789 16484
3032 22724 30112
645 19100 2406
7114 12120 23584
558 16435 5205
7724 10728 3407
2709 26887 23259
5320 12173 31377
20635 23199 5356
8840 23311 27808
8617 15178 27700
5108 18979 14238
68 1389 4275
15696 19728 6912
8266 23371 18914
1070 1216 2813
3637 4650 8700
4997 30308 25738
7016 20972 12609
21376 25401 3598
1111 8808 27968
4504 6160 5710
620 4652 17563
871 15264 20549
59
1255 4405 13266
1505 31932 4733
5618 14707 22922
8970 20943 14435
12356 14127 12175
12324 20789 8296
5812 24144 31909
1454 11555 19254
3185 9612 20989
15493 16083 19039
2961 26224 32378
1865 8246 18023
4685 7375 1164
1154 12784 31714
485 1223 11135
6990 8919 11680
18446 32232 1689
16219 18984 10197
3423 16151 7008
225 14383 5305
26052 31300 32213
859 22809 7456
6283 24601 5262
20372 29727 12272
1954 21271 4082
14725 17756 24967
9919 22254 18183
5556 31449 12392
11843 13289 29071
2700 3522 11978
2921 12231 27239
6335 22205 10468
25316 29791 5734
11306 26835 28160
911 4562 2863
5039 16502 30404
18496 19786 28339
14862 15491 19760
16670 28264 4948
10512 13651 27455
8376 19701 24039
1943 27190 19248
16012 19829 23051
22321 30698 12513
4900 5802 22157
2878 10998 21954
9984 25383 18130
746 22251 10568
14205 14725 18299
2728 30706 21996
1303 23257 21442
16187 22081 16154
5385 10876 17981
13744 15162 18071
770 833 31507
4146 5742 26697
11589 11694 8894
13680 17593 12651
18214 18393 23535
71
10449 11194 15083
831 19705 16242
11753 22345 9097
2091 6736 10797
1043 16739 10628
5293 7512 8958
16073 29809 30878
15726 16821 18287
17044 19638 12116
1477 8110 23877
10645 27610 31206
14629 23186 31582
1709 15306 32527
4233 7698 12411
9350 23510 4395
10336 16962 11919
4107 17487 4553
9231 11380 350
2688 27678 28371
2849 5948 3478
4828 6396 26569
3077 5682 4526
365 3679 11988
9886 31312 13345
14919 22584 19599
7135 16892 25324
4265 17927 16092
318 3105 30291
5480 8198 27171
6925 10217 15702
300 844 29121
584 25317 25698
1416 29494 14239
6343 13785 5921
1025 23934 27686
24243 29788 25715
5947 23497 3839
12739 15884 22520
7875 14478 22126
8893 12302 32437
13196 30372 30247
5214 19459 13493
144 8670 32741
9711 17864 14268
3350 21624 26421
2607 31638 8030
4568 28745 24364
17362 21592 5407
18825 23536 9224
6744 11862 1890
621 29557 7141
4856 31879 10323
4398 6428 24848
14758 15140 26132
7746 15960 3487
4767 5207 15306
3490 9757 21335
18516 29714 21351
22603 22792 23556
289 30333 32327
5526 6418 28111
6645 7801 7915
7149 26055 11328
3689 10785 18563
5204 9025 23006
8710 14683 10504
1323 1358 1972
19943 24276 22790
4500 19849 30503
7381 11770 30840
567 1624 26587
29
8766 22360 32262
9168 9573 18103
412 3606 11377
4987 16666 10615
1764 17805 13061
702 2901 2096
2197 19135 6656
1648 12960 20486
8336 31418 7979
5948 27943 18581
4921 8876 10642
12619 16681 7833
2085 8572 4833
12641 16462 8523
2012 13600 17001
7635 8737 16227
8420 11559 24323
6083 19943 5828
5092 26932 29765
6485 7801 30254
5997 25941 7368
1808 2810 4764
7473 28547 26225
8942 30076 31248
214 18604 1779
1406 15601 3062
3421 14612 26128
2123 25076 879
16221 21231 20538
15
284 10324 3974
8104 14648 7548
3258 15741 29255
4338 4612 14293
1841 6533 14978
3828 8317 32295
5271 23489 14290
13836 26960 362
7897 19202 24157
467 472 2642
5254 29806 3948
8987 27099 24553
25004 26943 13
24527 32540 7878
2348 3738 2749
92
8889 27111 23039
23118 26529 19903
785 30318 23047
2947 27569 9298
9671 19716 24162
28692 31116 12185
2085 22040 17236
4435 6127 9275
7118 29637 9260
2099 31820 12255
3378 32292 21858
1416 13295 4695
1227 32102 21080
14373 17959 24666
1728 2846 5123
1186 20456 13040
3258 29048 23773
5370 21347 4843
25615 31319 15337
15590 22137 20988
5384 14733 11198
151 293 19267
10757 17581 5069
1909 18725 17268
1826 4132 24920
18214 27278 25822
106 23708 15070
149 1296 11767
1675 4310 19430
4036 17427 10560
11072 23428 8299
959 3064 31646
9185 21954 20056
16461 20764 21107
12261 27196 4308
2300 3445 3361
19797 20021 19541
8848 20448 13760
11637 12504 941
5222 11380 2858
6066 15005 25997
3738 30591 4780
15497 22966 5940
11506 15601 29177
23648 31152 3140
5542 25697 16950
4068 29646 25845
11737 30196 13113
3820 4823 17179
3658 3789 16974
9281 16442 7099
8382 21454 2592
4445 10720 3617
7751 10188 22935
14000 14084 2745
6076 9875 24012
12821 18404 25369
6961 30784 20321
4399 20271 2552
1292 2266 19932
2498 9589 9484
2088 7743 29665
6797 22023 27651
10798 15027 17742
255 25099 30482
4660 17589 29874
15635 25004 25809
3877 7401 12184
20038 21680 29276
6718 12601 14736
3558 10972 4594
15962 18552 11273
15539 25066 2949
8910 17454 17746
16632 23040 4093
11175 32337 23392
711 744 13082
15800 18205 22312
856 4986 18744
19820 27468 9133
16196 27120 32102
154 9553 18455
9354 20268 27017
19088 31853 1640
27622 28680 23938
10239 27316 24753
13015 18251 9116
2484 16219 25807
6372 14307 16285
1172 9449 8984
1655 2662 13141
2780 2845 20100
14
3720 22088 681
17716 27791 31920
1233 17575 27925
13926 21364 28249
28804 31563 19809
2993 3866 21653
1644 8981 5698
4755 5915 26251
18255 30293 6413
3466 17591 24188
6970 10217 17585
5726 10104 11842
16235 27955 17999
2952 30952 5081
54
10735 15189 476
13351 25991 10649
13011 31410 2331
2571 18283 2836
248 8933 5682
91 19400 3546
4559 8727 17627
14595 26878 3937
695 1516 25676
7197 14028 3559
14163 27325 31542
2523 31176 14071
3636 21903 21613
3770 26869 26757
9857 23101 16745
1195 1468 32700
7811 23693 5915
7098 22758 7379
4504 22066 24274
283 1907 9602
6646 9443 6181
1132 2143 22522
6685 19208 2582
3618 24750 15967
2387 4796 20721
7648 15710 22325
26326 30214 25489
2286 6924 24909
15833 24734 1547
14399 31090 31236
1501 7834 22781
20506 27911 13057
25350 26834 15339
15495 19297 172
1306 19171 24166
2335 16180 29967
1709 26643 28421
13233 22269 13042
1149 15236 10317
5597 11707 29502
377 9594 23318
8949 12099 27415
9341 15015 21274
1804 16916 27433
9775 11177 23980
20226 24245 16662
1169 2638 9159
18974 24835 18966
19437 32566 16374
8602 14840 21020
10266 32225 19914
7938 10453 23834
4020 32346 29646
10603 22704 24648
