500
7309
8381
7267
916
1727
8936
5884
7510
2291
887
2585
1849
6218
166
1796
1322
9
4144
4137
3381
2301
1906
4916
2580
6769
4222
1439
5762
9308
557
7785
6616
8937
1403
3883
663
338
6119
8172
8980
7005
7108
829
9575
7273
8976
896
3634
9471
1385
7014
1772
3290
8281
703
6410
8854
8493
2171
8161
9049
6307
1129
4337
4061
1363
4999
750
7481
9522
9729
838
2981
6909
412
254
5884
7659
239
5355
9043
3604
3478
2332
1884
532
8741
738
9025
7263
5250
8073
9921
2730
8762
3981
445
112
4730
7925
9634
811
5114
2614
7719
5525
9219
9955
9536
5809
1661
8578
9412
1490
7262
1296
2021
2354
8385
1045
5969
3634
5470
5889
6364
4231
6222
6808
4342
7303
1084
327
8113
2550
9293
2184
4426
4863
2138
3961
672
3798
2539
83
5287
6152
7730
3659
8505
6114
4704
825
9748
6525
6714
2463
7107
9287
5622
7800
6589
3057
8127
4702
5606
3771
6885
32
4985
5374
3992
5656
5523
2882
2091
7161
5385
9820
819
3890
5934
1874
1066
2033
4750
7779
4495
1856
3417
6468
9656
6
9524
4134
4707
1482
4256
7943
7865
9240
9668
1856
1248
5190
1090
3338
8702
6474
3157
9520
6715
5442
7746
7781
7474
2495
1911
8320
703
5328
1139
6710
1685
7015
843
6391
8496
1450
685
6360
689
352
4567
1936
1893
2008
1625
594
4834
4782
6465
1548
6575
562
5680
4049
9409
3943
8720
111
9270
9859
6820
954
6873
4014
3696
1720
1815
732
4431
2503
7435
5349
791
5679
7357
2415
6272
2190
3548
9088
89
123
9650
5769
523
9058
6063
5594
5520
5332
1804
8691
2637
5028
9056
2684
6747
870
9767
7529
9724
7201
2878
514
2879
6586
9281
5502
5127
9180
941
5215
9302
590
7335
6176
5999
3397
1770
7870
5080
3573
6560
4068
8601
1967
3103
1699
2836
2869
9228
8912
6421
2105
5777
5651
5042
5057
1152
168
4237
2093
5382
9890
9034
9069
6066
1385
2465
4187
9254
3897
7759
2166
7964
6359
484
1067
4410
9672
287
3637
8583
6708
2093
4359
2358
7134
5768
9862
3653
4
8306
9034
6245
7339
4454
8662
5075
3271
2848
681
7167
607
9198
5130
3317
9681
2548
7726
9352
9187
7714
7934
5894
9806
2293
4603
3291
4412
816
6943
4415
9121
2329
7011
2812
6782
285215785734575796
334773130047319041
387667390063286416
208256957469445594
168081758702495434
123340288702794347
437756886375347819
246375260531765005
231928534887943978
302393099761652609
150919785527224645
44000667347104497
82582839681292812
159035032941344452
489635616625847866
72768646486035608
18496096281417671
486924773332428983
567070986477781699
477953131626350417
312825260763648991
5377334624983646
2107796619669215
300346187634233212
71669106580830894
542179974054343104
484714997587071032
123005677628554385
122972715929396372
362924591510291315
37501439993881244
490841314202066174
511851274839670491
471255541138617003
313951510405541559
380046344625512442
122478967919719080
98867274249981804
201768646604287696
210839330048884865
319490436455089544
45353014839870
319366766272345087
287147257929050488
562098830006873006
555392265250591430
498101366816519614
65545927413131163
408087366297517431
570502841676738120
282980209861098990
418390497088119469
506008869151411492
340331668047850771
544857725682783420
70088716246473783
53740173934800350
89732922487885662
393776800815822276
37040601756004226
229949147760993148
267795384947794461
282703699413871626
441119986444498629
518372879402778069
408570764588672792
476645077667713408
358890733725134938
73654731354839583
454410449211837507
261969233626205845
286719461654860042
507630941806369122
271650310187080293
536668313511731597
183219911144067378
422077445293810226
382469044294668569
316143090137859993
212241667379566505
68723050123014713
554810893245417516
410311039143001302
160328642024955936
77960885200574480
307615416080693146
498679701514609060
574297037708993652
503742798659460433
70812117289987042
201782127571559247
404212460338187258
288833763389731806
415785017698132546
113462312316667157
427066263637881559
529133432975202732
511014721357754176
263745335732476642
419948696009424039
