666
4 8 88
5 3 90
9 9 20
9 6 41
3 8 51
2 10 14
2 5 62
5 9 66
10 4 94
5 3 37
5 8 70
8 10 32
1 4 34
10 5 10
8 7 94
9 4 39
1 10 52
5 6 18
7 1 37
10 9 50
8 10 40
9 2 28
10 10 38
8 4 56
1 7 36
2 1 23
4 3 71
2 8 81
3 3 90
10 6 89
6 8 15
5 2 7
7 6 67
6 3 89
5 3 81
3 2 45
5 5 38
10 5 80
9 3 72
6 5 100
5 1 97
9 6 85
10 5 15
2 7 41
5 2 69
7 4 52
3 5 61
8 8 77
5 9 51
7 9 16
8 9 96
2 9 42
1 6 6
2 3 27
9 10 68
8 1 81
3 6 77
1 1 60
1 5 83
5 8 71
1 10 71
4 1 32
7 6 8
4 5 51
4 2 28
1 6 70
10 4 48
8 5 22
7 10 26
7 5 62
8 7 34
1 9 30
2 10 67
6 6 30
9 1 11
3 9 84
7 3 30
5 8 93
10 9 80
10 8 9
7 7 55
1 5 27
7 5 20
3 7 32
10 4 21
9 10 80
9 7 37
2 1 58
4 6 49
7 1 88
10 7 96
8 10 81
10 2 19
3 5 68
5 10 46
5 9 58
8 8 80
6 10 64
3 5 45
8 8 38
6 3 20
6 1 56
1 3 31
3 6 23
9 9 40
3 6 66
3 6 65
7 9 11
6 2 90
6 4 99
2 7 88
1 3 22
6 10 99
4 3 85
3 4 36
3 5 75
2 10 4
7 3 76
2 5 48
9 7 51
9 10 22
9 6 11
2 10 42
6 5 37
8 3 30
4 10 97
4 8 29
8 3 92
9 4 76
8 6 95
6 9 61
2 3 70
5 1 70
4 5 96
4 6 43
8 10 61
8 2 99
5 10 57
5 10 16
4 10 24
5 4 92
2 1 97
3 3 54
9 1 93
5 9 53
9 10 74
8 8 51
8 10 47
5 8 5
1 7 61
8 9 15
7 3 95
5 4 87
2 10 32
6 8 48
4 3 10
1 8 35
4 9 60
7 9 97
2 10 95
4 1 80
2 1 95
7 4 7
6 2 54
3 9 37
9 3 16
2 9 11
2 3 64
1 9 69
1 3 7
6 3 43
8 9 8
7 7 84
8 4 29
6 2 92
6 8 42
3 3 88
5 7 17
10 6 13
1 2 27
5 3 75
1 7 1
10 7 77
4 3 36
5 4 75
7 5 80
3 3 86
10 10 53
9 4 11
2 9 27
7 10 18
1 6 8
8 9 18
4 4 96
7 1 17
4 4 91
1 10 13
8 10 16
2 1 27
8 9 16
5 3 33
10 5 25
5 10 31
6 4 48
5 10 71
2 4 19
9 5 61
1 4 70
4 1 3
9 3 40
1 9 15
9 3 69
6 1 49
9 9 26
9 10 37
3 3 66
2 4 55
2 7 53
4 1 30
2 7 57
2 7 14
6 6 55
8 3 32
5 7 60
1 9 11
3 7 41
9 2 82
10 8 43
5 5 26
6 1 92
2 7 12
2 6 62
3 2 62
7 3 73
6 1 65
7 2 19
9 3 13
7 6 27
3 9 40
5 4 53
7 7 90
4 3 91
2 5 42
3 6 41
3 10 53
1 1 51
1 10 33
5 6 8
1 8 44
2 6 46
7 9 80
3 9 91
7 2 10
9 6 59
1 9 22
9 3 6
2 10 96
7 1 44
6 7 11
2 10 33
1 7 97
4 1 39
9 3 14
5 3 11
8 9 34
4 8 78
8 2 40
1 6 17
5 7 85
2 1 43
10 10 3
3 6 7
6 9 67
3 2 28
6 10 56
7 10 29
9 4 97
10 9 83
6 6 21
6 8 95
8 10 48
1 7 39
4 9 32
8 2 54
5 2 96
9 2 94
10 5 48
8 8 5
6 9 65
7 10 8
8 10 60
9 6 21
2 2 93
8 3 70
9 4 62
3 6 3
3 3 95
5 5 50
9 9 38
8 5 71
7 2 23
8 7 13
4 8 99
3 2 40
6 3 12
5 4 53
1 4 37
9 4 39
1 9 56
3 2 26
1 8 6
8 2 49
4 9 40
5 4 97
3 10 77
7 7 89
8 5 69
7 4 50
2 9 29
5 8 28
9 2 44
9 6 21
7 1 54
7 4 93
5 8 37
6 4 22
5 7 33
9 10 79
3 2 22
2 9 84
1 10 17
3 3 18
3 4 93
10 5 6
8 10 95
7 10 77
3 5 69
4 2 100
3 8 62
1 2 20
6 6 81
10 4 70
5 5 61
6 9 57
9 10 63
6 8 14
6 1 99
2 7 13
10 3 83
6 7 65
8 7 56
8 8 28
3 3 43
3 3 75
1 6 62
6 6 59
8 7 53
3 3 35
2 10 75
6 6 13
5 7 79
1 1 60
10 10 5
4 6 36
10 8 39
9 10 93
7 1 90
2 4 56
8 8 94
4 6 3
8 9 54
5 6 38
1 8 23
9 9 21
10 10 63
4 7 66
9 9 81
9 1 27
7 5 91
10 3 42
6 4 62
10 10 34
7 6 30
4 7 5
2 3 18
9 8 75
10 7 98
6 1 91
9 7 10
3 1 45
9 4 99
10 10 3
7 5 72
4 5 13
2 5 10
2 4 92
8 7 63
10 10 87
3 2 46
1 2 19
9 5 26
9 3 63
5 2 77
1 8 89
7 3 67
10 8 99
8 2 61
4 4 5
3 4 34
6 4 31
9 8 63
5 1 72
4 3 15
9 8 69
8 3 43
10 10 86
7 9 100
4 6 70
2 9 66
4 1 7
8 5 18
3 8 44
9 5 75
3 1 50
8 8 45
8 9 53
5 4 94
10 10 97
6 2 72
4 10 2
3 1 15
9 3 40
4 6 77
2 7 46
3 10 30
5 6 91
7 10 47
3 2 48
8 3 36
1 10 72
2 8 47
4 7 11
1 1 10
1 7 97
6 1 11
2 4 4
3 10 4
1 1 15
6 2 75
4 8 83
10 6 48
10 8 74
5 7 41
10 8 35
7 10 4
7 7 46
5 3 18
4 6 16
7 2 66
9 4 15
3 9 48
2 8 37
3 5 70
1 8 12
9 3 17
8 1 6
4 1 63
8 1 71
9 4 66
9 3 74
9 9 57
1 10 37
9 3 39
9 1 25
6 8 63
4 3 24
4 1 62
8 2 51
7 8 57
3 2 58
8 7 34
1 10 61
4 1 33
10 4 46
7 4 12
9 8 68
9 3 12
8 4 97
4 7 27
7 9 6
2 9 20
4 2 59
10 9 32
7 3 43
6 8 19
2 10 80
9 6 12
2 8 99
1 4 90
3 10 5
3 3 42
6 7 59
5 9 3
2 4 72
5 9 76
9 7 12
10 9 97
8 4 65
9 9 45
5 10 61
8 9 36
10 5 41
6 4 94
5 4 69
6 6 30
1 8 85
8 5 62
1 10 13
8 5 45
9 6 72
5 1 24
9 2 47
6 5 93
4 10 22
1 9 86
5 4 15
9 3 85
7 9 73
1 3 97
7 5 13
7 7 99
1 1 31
8 1 5
2 10 38
8 2 72
5 9 75
1 1 76
7 4 32
5 8 75
5 6 22
7 1 4
5 10 77
6 5 100
10 2 57
6 9 19
6 8 32
9 3 72
10 10 90
4 2 86
7 4 36
10 2 93
10 4 47
2 2 94
4 9 6
5 3 84
4 5 3
6 9 97
3 5 37
2 5 26
5 6 13
4 5 27
5 1 13
6 3 39
7 4 62
2 9 90
2 6 89
2 7 37
3 3 82
2 8 67
9 1 25
3 6 87
1 2 20
4 4 97
6 4 2
1 2 42
3 4 84
10 7 92
6 2 26
6 9 78
2 7 69
3 8 95
6 5 31
7 4 95
5 7 71
7 10 18
2 1 94
10 4 67
6 10 82
8 7 62
6 7 80
4 2 28
9 1 87
7 7 21
6 6 55
6 5 81
8 10 87
3 6 25
3 4 84
3 8 86
8 7 58
1 1 39
3 6 11
6 3 52
2 5 31
1 1 65
8 7 76
7 1 20
4 8 71
9 10 26
3 5 73
9 9 38
5 10 98
4 3 95
10 4 90
10 10 100
1 2 96
8 5 35
7 2 66
5 4 87
9 3 70
10 3 95
2 8 24
1 1 52
2 1 52
4 6 21
4 7 50
2 7 77
5 7 99
6 10 17
9 9 56
3 2 92
2 7 29
8 8 52
8 10 78
2 5 66
7 6 5
10 2 7
3 5 74
3 2 94
8 10 13
10 7 37
1 4 26
2 7 12
3 8 8
6 2 18
9 4 7
6 3 53
8 9 82
8 8 97
6 6 52
4 10 98
2 4 76
9 9 80
3 6 94
2 6 70
4 9 56
5 9 33
7 8 37
3 6 69
1 8 66
2 7 61
8 3 40
9 6 77
7 9 98
6 5 6
8 2 16
