5
26 200
47 1 57 63 45 29 25 4 14 26 45 32 24 62 60 48 38 37 15 30 55 0 24 56 27 42
1 11
1 0
2 25 13
3 1 25
2 15 6
3 19 25
2 1 24
2 16 8
2 4 23
2 20 24
2 17 19
3 12 17
2 21 8
3 16 22
3 15 23
1 19
2 23 21
3 14 19
3 4 5
3 8 25
2 16 27
3 9 21
1 10
1 4
3 20 22
2 14 19
3 3 9
1 16
3 4 5
2 8 12
1 16
2 0 23
1 0
1 20
2 4 4
3 3 11
3 2 16
3 16 19
3 17 25
3 7 22
1 8
3 8 17
1 0
2 25 3
2 21 30
1 22
1 2
2 13 5
1 4
2 24 1
2 17 10
1 4
3 14 14
2 7 21
2 8 16
1 0
3 14 21
3 12 24
1 14
2 20 20
2 16 21
2 13 26
2 19 13
1 6
2 5 16
3 4 9
1 0
3 14 16
3 3 19
3 1 17
1 25
1 1
2 18 25
2 1 27
3 0 13
1 21
2 13 17
3 0 13
1 6
1 3
2 6 7
2 0 29
2 14 6
1 12
1 16
2 18 13
2 18 27
2 19 24
2 5 3
2 18 16
2 22 3
1 3
2 5 23
1 17
2 16 13
2 6 32
1 3
1 6
1 18
2 13 30
1 21
3 9 25
1 18
2 9 22
2 7 15
2 1 1
1 17
1 17
3 13 23
2 20 5
1 18
3 4 6
1 1
2 0 13
2 8 12
2 18 25
3 9 10
3 7 12
1 3
1 15
2 1 13
1 8
3 14 21
2 2 2
2 0 15
2 17 12
3 19 19
2 5 30
2 17 30
2 23 12
3 2 24
3 1 7
2 4 4
2 8 12
3 9 12
1 17
1 16
3 2 12
2 17 10
1 17
2 0 11
3 23 24
2 0 17
2 1 31
3 5 13
3 9 16
1 6
2 25 24
1 3
3 11 19
3 1 10
2 12 24
2 10 31
3 9 12
3 3 16
3 18 23
2 13 25
3 10 24
2 18 26
3 5 22
1 24
1 5
2 17 7
3 3 19
3 2 18
3 7 8
2 5 17
3 4 20
1 16
2 2 2
3 13 24
3 6 25
3 11 12
3 4 19
2 7 31
3 2 18
3 10 21
1 17
3 11 13
3 2 7
2 21 1
1 4
1 5
2 19 22
3 14 23
1 10
1 18
2 12 20
1 21
2 12 16
1 8
1 4
1 10
3 5 16
1 21
2 0 1
3 11 16
1 11
1 5
1 22
47 223
48 54 59 4 5 6 30 50 23 17 0 16 29 47 3 56 0 7 56 4 32 10 48 25 51 3 2 17 15 31 3 0 22 63 4 27 5 34 13 28 51 14 44 16 61 48 8
1 2
1 41
2 45 12
3 5 42
2 42 16
1 2
3 14 42
1 2
1 46
1 4
1 5
3 0 43
3 9 30
2 4 25
3 12 28
3 7 33
2 28 18
2 38 5
3 12 29
1 0
2 30 26
1 11
2 37 14
1 38
3 25 39
3 4 36
1 0
2 19 32
3 4 39
1 42
3 13 34
1 39
3 22 46
1 36
2 27 18
2 6 23
2 36 20
2 0 20
1 7
1 45
2 37 28
2 42 15
2 36 22
1 13
1 21
3 30 42
2 26 20
2 15 32
2 14 26
3 10 39
3 16 33
2 32 32
1 41
2 30 25
2 23 31
1 28
3 2 19
2 29 2
1 29
3 37 39
2 28 32
1 44
1 4
1 32
1 13
2 22 27
3 17 30
1 6
2 25 24
3 7 12
2 41 31
1 7
2 21 18
3 27 44
1 10
3 0 19
1 46
1 2
3 32 39
2 1 17
2 41 12
1 16
2 36 32
2 28 16
1 29
2 5 8
1 34
2 13 23
3 10 35
2 28 14
1 4
2 28 10
1 27
3 2 4
1 20
3 1 46
1 7
2 12 23
2 4 4
1 1
3 14 15
3 18 43
3 1 2
2 12 8
1 46
3 37 38
2 36 14
3 40 43
3 34 40
2 38 23
1 8
2 23 31
1 6
1 32
3 1 40
2 29 17
3 9 20
1 24
1 20
1 10
1 17
1 29
2 20 15
2 13 6
3 21 43
3 20 28
3 1 22
2 30 6
1 2
2 6 10
2 5 7
2 22 25
2 34 7
2 16 13
2 12 16
1 23
1 23
1 4
2 15 3
2 41 30
2 31 21
3 21 45
1 35
3 28 37
2 33 27
2 35 28
2 38 1
1 25
2 8 25
3 23 33
2 44 24
2 7 13
1 3
2 17 18
2 46 16
1 35
3 8 16
2 19 4
1 1
2 28 6
2 14 26
3 20 24
3 18 25
3 8 22
2 25 4
3 1 24
1 15
3 12 24
2 22 12
3 2 20
2 6 4
3 15 44
3 0 17
2 39 5
2 39 11
3 1 8
3 12 43
3 8 26
3 19 30
1 8
2 8 8
3 1 17
2 28 10
1 21
1 10
3 19 42
3 16 27
2 18 23
3 40 45
2 43 30
1 34
3 8 12
1 6
3 24 30
2 38 25
1 2
2 44 24
2 39 28
1 20
2 28 24
1 1
2 44 28
1 35
2 43 2
3 1 32
2 41 9
3 25 42
1 22
2 0 5
2 6 21
3 2 30
1 11
3 14 32
2 20 30
1 13
3 31 40
2 45 28
2 19 29
1 7
2 28 10
1 41
3 6 28
2 44 10
100 884
6 30 51 3 19 7 33 56 26 59 19 21 62 52 17 5 29 50 61 7 55 49 11 48 53 3 34 62 61 45 46 3 11 33 6 30 40 39 23 2 34 42 23 33 30 41 38 60 27 35 3 18 20 14 2 9 17 36 8 14 17 54 17 28 23 23 59 63 62 18 1 33 60 24 2 27 1 40 23 28 11 26 46 31 40 48 41 58 21 49 8 38 39 26 3 62 49 62 61 48
3 2 93
2 95 23
1 12
1 50
3 24 90
1 21
2 6 20
3 24 95
1 63
3 65 66
3 27 92
1 51
2 96 32
1 62
1 4
3 6 26
2 83 5
3 40 89
1 96
3 91 93
3 8 62
1 74
2 18 24
1 90
2 86 4
3 29 45
2 7 8
3 54 75
2 64 16
1 24
1 43
2 38 5
3 18 50
2 37 5
1 96
3 14 80
1 65
2 20 19
2 81 26
1 80
2 44 7
3 35 57
1 57
2 35 25
2 40 15
2 16 28
3 70 82
2 47 8
1 85
1 82
2 85 17
1 30
2 49 15
3 11 23
2 15 29
1 19
2 47 1
1 36
2 70 11
3 17 69
1 2
3 92 99
1 36
2 32 8
1 20
2 83 21
1 40
2 12 4
3 11 59
1 47
3 5 17
3 22 86
3 24 74
1 16
2 30 2
3 10 57
1 77
3 36 88
3 38 75
2 34 18
1 80
3 20 85
2 59 2
2 83 15
3 15 51
2 33 17
1 97
1 68
1 58
2 65 20
1 90
1 52
1 70
1 10
2 61 3
1 82
2 65 3
3 69 73
1 13
3 10 55
3 37 75
1 84
2 83 15
2 35 32
2 20 2
1 72
3 3 47
1 48
1 42
2 63 27
3 66 99
2 64 3
2 21 28
2 44 8
2 7 10
2 88 10
2 12 16
1 6
2 54 8
2 67 19
3 72 93
1 59
2 24 2
1 36
2 91 31
1 2
3 0 97
1 41
2 5 6
1 31
2 85 15
2 52 1
1 34
1 98
2 84 19
1 36
3 19 83
1 12
2 65 18
2 6 8
3 0 63
1 31
3 32 68
1 72
2 6 32
2 4 2
1 9
2 82 10
2 98 25
3 21 55
3 30 55
2 82 2
1 75
2 7 29
3 31 84
1 59
3 56 85
1 21
1 71
3 20 80
3 78 81
3 59 85
2 43 12
1 49
3 62 66
1 25
2 57 20
3 23 99
2 93 5
2 16 3
2 36 8
1 69
1 47
1 28
3 22 71
3 14 72
3 86 93
3 34 56
3 31 89
2 91 5
2 2 17
2 93 15
1 14
3 48 61
1 76
1 44
2 16 11
1 17
2 90 28
2 19 28
1 99
3 34 42
1 22
3 20 63
3 34 94
1 42
1 21
2 65 22
3 33 67
1 37
1 47
2 67 6
2 18 24
1 1
1 24
3 39 57
1 94
2 46 18
3 20 28
3 37 73
2 71 29
1 77
1 8
1 96
3 11 55
3 5 12
2 87 10
3 69 82
1 2
1 8
1 91
2 64 25
3 48 56
3 57 86
1 66
1 99
2 10 2
2 74 16
1 88
1 8
1 95
3 12 58
2 1 31
1 22
3 22 23
1 63
3 60 67
2 18 15
3 29 56
2 55 32
2 17 24
1 61
1 53
3 23 30
2 88 5
3 11 94
3 68 74
3 80 93
1 86
2 42 14
3 57 67
3 43 61
2 22 19
1 83
1 5
3 66 81
2 27 4
3 74 95
2 27 11
2 14 16
3 52 56
3 14 20
3 15 27
3 45 49
3 29 48
2 66 12
2 77 10
1 66
2 57 12
3 39 46
3 47 53
3 41 61
1 27
1 76
1 52
1 55
3 55 55
1 2
1 41
2 57 23
3 2 69
2 60 16
3 13 64
3 26 54
1 67
1 54
3 8 58
3 8 64
2 13 32
3 54 93
2 64 8
1 97
1 29
3 45 54
3 10 79
1 36
3 63 90
3 59 99
1 81
2 6 10
2 33 27
3 15 88
1 52
2 37 5
1 49
1 2
2 81 5
3 26 81
2 77 16
1 22
2 37 30
2 24 24
2 55 5
2 82 28
1 17
2 65 16
3 2 67
2 48 23
2 74 24
1 99
3 8 73
2 11 22
3 5 87
1 41
1 10
3 40 77
2 8 21
2 10 29
3 8 96
2 36 15
3 81 87
3 60 89
1 43
3 0 64
2 93 10
1 12
3 52 82
3 12 18
2 74 3
2 83 23
1 0
3 6 82
1 33
2 54 3
1 42
1 18
1 20
2 32 22
2 84 8
1 61
3 28 48
1 83
2 68 3
3 26 77
2 12 12
3 54 66
2 84 5
2 56 29
3 62 88
2 73 26
3 22 67
3 95 97
2 4 30
2 33 9
3 53 69
1 54
1 27
1 71
1 14
1 20
3 9 85
1 91
2 10 20
3 19 57
1 21
1 61
2 95 4
2 16 25
2 91 19
3 11 14
3 26 37
2 23 31
2 66 7
3 76 77
3 85 96
1 18
1 93
2 40 7
3 35 56
3 21 99
2 13 6
1 11
2 9 18
3 2 87
2 64 29
1 43
2 23 18
2 68 21
3 9 43
1 78
1 22
3 17 73
1 30
2 33 12
2 59 5
3 3 91
2 75 29
1 69
1 89
1 73
3 16 97
2 46 20
3 77 97
2 34 27
1 29
2 78 10
2 28 13
3 36 99
1 63
2 48 11
1 58
1 12
3 82 89
1 35
2 84 22
1 95
1 59
3 48 80
2 12 7
1 63
3 1 35
1 0
3 7 12
2 71 18
2 53 19
2 72 22
2 95 6
1 64
1 99
1 38
2 51 19
3 51 65
2 67 15
1 74
3 84 92
2 66 20
2 3 9
3 32 82
1 80
1 13
1 7
2 13 26
1 28
1 96
1 27
2 56 16
1 30
3 47 81
3 47 89
1 2
3 84 88
3 44 68
1 6
3 83 88
1 19
2 15 12
1 98
3 54 98
1 28
2 27 29
1 99
1 0
3 40 62
2 60 17
2 67 24
1 51
3 55 70
3 74 85
3 16 24
1 30
1 43
3 71 88
1 39
3 21 41
1 62
2 22 19
1 73
2 76 2
3 46 60
2 83 3
2 51 15
2 39 1
1 68
1 60
3 18 52
2 6 21
2 16 13
3 63 89
3 65 68
2 63 18
1 19
2 82 23
1 80
3 41 69
3 20 82
2 34 32
1 51
1 28
1 57
3 10 99
2 16 7
1 63
3 69 83
2 65 8
2 91 28
3 8 38
3 75 90
1 25
3 18 85
2 75 29
1 94
3 12 77
1 78
1 23
1 75
1 54
1 87
2 62 5
1 74
2 1 9
3 69 80
3 87 87
2 26 3
1 41
2 84 3
2 59 31
3 58 65
2 4 27
3 67 86
1 61
1 11
2 80 26
1 55
3 22 81
2 35 8
1 49
1 11
3 7 22
3 17 87
1 68
2 54 28
1 43
3 54 87
2 35 22
2 6 17
2 40 11
2 67 2
1 2
2 62 5
2 79 30
1 30
2 6 4
3 49 93
2 3 6
3 46 90
3 14 97
2 89 22
3 9 82
3 37 39
2 44 4
3 35 78
1 78
2 32 25
3 5 61
3 9 17
1 7
1 9
1 19
1 98
2 7 18
3 38 98
1 89
2 67 17
1 18
2 31 13
3 12 44
2 61 10
3 4 21
1 14
1 4
1 27
1 33
1 11
1 37
1 12
1 15
3 13 34
1 14
2 26 16
3 88 98
3 92 94
3 27 58
1 31
1 57
2 95 21
3 48 84
3 12 68
1 44
3 74 74
1 43
3 56 74
3 62 83
1 54
3 8 65
1 39
3 48 70
3 17 69
2 42 31
2 82 7
2 8 28
1 51
3 25 52
1 87
1 43
3 26 45
3 10 39
2 61 27
2 79 24
2 85 32
3 7 76
1 18
3 69 85
3 38 72
1 32
1 81
1 46
2 22 26
3 90 93
2 6 7
1 85
1 42
2 19 8
1 36
3 44 58
2 30 14
3 4 62
1 37
3 16 88
3 10 58
2 18 21
1 58
2 2 13
3 25 50
1 80
1 31
2 6 8
2 22 31
2 64 9
3 4 58
1 1
2 89 14
1 23
1 30
3 32 63
1 14
3 46 62
1 94
1 46
2 48 32
1 1
2 80 8
3 27 47
1 14
1 16
1 8
1 16
3 0 63
3 29 61
1 27
1 93
1 81
1 61
1 72
3 15 50
1 24
2 52 10
2 20 15
3 19 72
2 88 9
3 13 69
1 60
3 6 83
3 17 51
2 75 3
1 48
1 67
3 57 93
1 86
3 49 53
2 88 31
3 62 75
3 23 31
2 6 25
3 27 75
2 74 23
2 74 25
3 51 79
3 72 80
1 76
1 7
1 56
2 18 2
2 1 1
1 48
3 34 56
1 31
3 47 57
2 84 32
1 39
1 17
3 16 71
3 31 98
2 30 11
3 5 24
3 54 77
1 59
3 20 98
3 20 22
1 63
1 39
2 27 15
3 43 82
1 21
1 35
3 66 99
2 23 12
2 77 5
3 12 40
3 32 86
3 41 52
1 84
1 34
3 8 67
2 72 12
1 96
1 73
2 80 18
1 48
3 26 74
3 18 86
2 4 4
2 45 20
3 59 78
2 86 11
1 50
2 60 1
3 34 71
1 97
1 58
3 16 85
3 23 48
2 94 17
1 80
1 95
1 33
3 90 99
1 30
1 53
1 62
2 48 31
3 14 63
1 60
2 36 20
2 81 23
1 97
2 19 4
2 4 14
1 83
1 15
2 21 31
3 16 68
2 47 30
1 35
3 18 98
1 86
1 67
3 64 91
1 66
3 28 59
2 95 21
2 9 32
3 17 72
2 92 13
3 29 88
2 27 26
1 46
3 65 97
3 40 81
1 7
3 12 18
1 96
1 55
3 8 74
3 30 92
2 25 1
3 4 65
2 52 22
1 10
2 43 18
3 70 79
2 91 27
2 39 10
3 34 52
3 54 61
3 43 63
1 69
2 25 18
3 50 77
1 12
1 50
3 20 73
1 74
1 30
1 56
3 8 78
3 21 38
3 65 89
2 34 2
3 11 86
1 36
3 0 39
1 90
1 44
1 95
1 21
1 12
1 46
3 54 89
1 11
3 22 28
2 14 16
2 25 2
2 65 26
1 77
1 37
1 81
3 0 33
2 64 16
3 6 61
3 15 87
1 31
1 34
2 48 1
1 1
2 78 22
3 7 56
3 93 93
3 45 79
2 42 18
3 3 23
1 66
3 22 72
3 58 83
3 58 95
3 48 83
2 25 11
3 5 86
3 31 66
1 10
2 4 12
2 8 15
2 79 9
2 81 25
2 56 19
3 33 36
1 71
1 24
2 10 28
3 7 93
2 56 2
1 48
1 6
2 46 1
3 51 60
96 638
61 12 17 34 4 11 24 11 35 56 19 30 22 21 37 27 52 6 47 35 18 8 29 44 8 31 46 52 39 40 53 37 52 6 7 56 17 31 3 52 23 23 18 45 44 56 9 32 62 56 3 17 0 33 61 9 0 44 61 40 20 50 13 9 56 20 1 10 52 5 62 11 28 17 57 8 9 2 40 7 58 44 24 59 13 22 4 13 2 1 53 22 51 2 31 43
3 1 85
3 38 84
2 5 3
1 10
1 81
1 21
3 46 62
2 4 12
3 38 57
2 60 15
3 49 60
1 72
3 0 83
2 73 21
2 57 26
3 7 42
3 28 54
3 42 61
3 40 46
1 52
3 17 19
2 45 5
1 44
3 30 95
1 82
2 43 19
2 50 2
1 34
2 66 3
3 0 46
2 82 9
1 61
3 45 48
3 78 90
3 68 76
2 62 18
1 3
1 62
2 74 28
1 42
1 41
1 45
1 10
3 38 41
1 47
3 35 56
1 17
3 81 94
1 34
1 31
2 94 7
1 33
1 16
2 57 22
3 2 16
2 57 25
2 72 11
3 33 77
3 47 63
1 61
3 52 89
3 58 95
1 67
2 51 24
3 12 13
3 28 79
2 86 8
1 50
3 38 95
3 62 71
3 57 91
1 77
3 17 39
2 75 1
1 23
1 66
1 11
1 20
1 17
1 93
3 28 77
3 45 91
3 10 11
3 10 71
2 91 29
1 80
2 6 12
1 9
2 20 24
3 28 43
3 70 89
2 21 21
2 81 2
1 12
3 66 83
1 59
1 32
3 64 91
1 70
3 15 78
2 51 5
3 0 41
3 67 89
3 9 79
3 64 64
3 27 35
1 64
3 64 90
3 58 59
3 0 40
1 46
1 82
2 50 29
1 18
1 78
1 91
2 27 8
3 22 63
3 42 54
2 22 5
2 81 32
1 31
3 31 78
3 79 81
2 90 5
2 72 17
3 11 31
3 6 22
1 28
3 34 82
1 39
3 6 27
1 75
2 74 19
3 57 60
2 64 29
3 80 81
1 3
3 61 68
3 58 85
1 75
1 47
3 23 31
3 5 80
3 2 10
3 59 94
1 33
2 62 3
1 82
1 12
1 71
2 33 15
2 13 12
3 26 34
1 49
1 59
2 69 14
1 83
2 53 32
2 55 23
2 9 32
2 22 13
2 4 22
3 20 79
2 73 12
3 1 90
1 28
2 2 29
3 48 69
2 42 6
2 44 30
3 70 82
2 30 30
3 1 12
3 7 49
2 4 27
2 83 22
3 16 48
2 0 16
1 45
2 2 6
3 81 86
2 22 4
2 75 3
1 78
1 88
1 11
3 26 34
3 14 21
2 11 31
2 6 31
2 43 4
1 70
3 15 45
3 67 85
3 15 92
1 36
2 15 7
1 33
2 47 17
3 13 40
3 43 80
1 38
1 67
1 52
2 67 12
1 14
1 33
1 85
2 74 3
2 18 18
2 34 4
2 42 11
3 27 28
2 33 21
3 30 87
1 86
2 54 8
3 31 55
3 20 41
2 34 31
3 27 48
2 68 19
1 93
3 24 82
2 57 7
1 61
2 51 13
1 83
2 83 26
1 78
2 38 11
3 47 76
3 27 72
3 12 81
3 5 35
1 63
1 55
2 78 7
2 15 26
1 35
2 68 28
3 14 35
3 73 91
2 35 32
2 47 9
3 46 52
2 84 13
3 67 92
2 81 19
2 26 2
1 74
3 65 74
2 62 26
1 52
1 33
2 41 18
1 41
2 4 27
2 72 15
1 43
2 28 27
1 27
2 69 29
2 6 7
1 31
3 38 83
3 10 71
3 16 80
3 11 72
1 45
1 84
2 38 5
2 60 2
3 56 87
1 35
1 54
1 62
2 17 15
1 53
2 37 10
1 81
1 87
3 27 49
3 16 21
1 63
2 41 22
1 45
1 17
1 16
3 9 11
3 27 84
3 29 55
3 35 79
3 27 45
1 44
1 59
3 26 88
3 67 77
3 29 90
2 13 7
3 47 88
3 42 44
3 1 42
2 25 6
2 70 1
3 5 76
2 94 14
1 69
2 11 11
3 35 71
3 52 52
3 12 44
1 57
1 71
1 56
2 31 29
1 34
1 56
1 94
2 5 6
2 48 18
3 23 87
2 76 4
1 62
2 36 27
2 12 29
3 20 88
2 5 21
3 5 29
2 3 5
1 41
3 16 89
3 17 71
2 61 11
2 53 10
1 45
3 25 36
2 18 26
2 87 14
2 20 19
3 24 86
1 0
1 8
3 77 80
3 13 26
1 27
1 93
1 17
1 8
1 95
2 75 29
2 74 20
3 2 8
1 32
1 87
1 3
3 51 84
3 1 45
1 28
2 95 32
2 7 4
2 8 4
2 22 15
3 23 88
2 14 28
2 5 22
3 85 88
3 16 43
1 57
3 74 92
1 92
1 86
2 25 25
3 33 39
2 0 31
1 2
3 71 71
3 76 82
2 82 3
1 18
3 5 45
3 87 88
3 3 46
1 28
3 26 61
1 61
3 22 78
1 9
3 58 69
2 35 24
3 9 87
2 5 29
2 92 12
3 54 64
1 36
3 31 81
1 32
3 14 85
2 24 20
1 88
3 15 59
2 89 8
3 6 21
2 64 12
3 71 86
1 82
1 74
3 3 25
2 56 22
2 43 9
3 35 56
2 19 20
1 59
1 93
1 1
1 12
1 29
1 23
3 38 81
3 11 73
1 45
2 95 18
3 28 41
1 32
2 51 21
2 31 16
3 0 81
3 1 93
2 88 18
2 73 24
1 65
2 14 25
1 41
3 37 93
2 69 31
3 51 88
2 87 3
1 83
1 39
2 70 25
3 48 49
1 26
3 59 78
2 67 10
1 22
1 23
1 31
1 71
3 24 53
3 44 60
3 3 4
1 60
1 60
2 22 28
2 81 12
3 84 90
2 80 6
3 28 92
1 89
2 46 13
3 33 58
3 30 41
2 59 4
3 72 95
2 47 22
3 4 70
3 64 93
2 23 17
3 12 49
2 29 16
1 10
1 3
2 33 8
1 10
3 9 65
1 1
2 13 20
3 12 56
2 49 22
3 45 83
1 62
1 47
3 57 86
3 27 89
3 87 90
3 25 55
1 59
3 15 83
1 23
3 20 92
3 16 37
1 24
1 39
2 2 1
2 59 27
1 85
1 79
2 38 8
1 59
3 0 14
3 6 7
3 2 27
3 18 65
1 89
1 37
2 40 5
3 62 67
1 19
2 63 1
1 38
2 8 3
2 89 17
1 22
2 24 9
2 11 10
3 34 78
1 34
2 61 18
2 78 22
3 20 78
1 27
1 40
3 45 93
1 86
1 68
3 65 92
1 10
2 45 19
3 27 47
2 12 14
1 34
1 92
1 40
3 29 49
1 78
3 28 52
3 0 78
2 92 16
3 26 68
3 26 39
2 66 23
2 27 3
1 61
1 57
3 11 87
2 57 32
2 85 20
3 33 85
1 49
3 43 76
3 4 82
2 40 25
2 10 26
1 28
1 6
3 45 93
3 47 60
3 16 44
2 17 26
1 62
1 87
2 45 14
1 63
2 7 8
2 82 2
2 25 30
3 38 83
1 20
1 94
1 2
1 31
2 68 32
1 34
2 15 5
2 79 20
2 54 27
1 91
2 89 22
1 25
3 8 26
1 62
2 32 17
2 27 16
2 53 20
3 15 89
1 57
3 64 70
3 55 93
3 12 37
3 5 71
2 31 17
3 24 78
3 15 62
2 4 11
2 12 32
3 24 68
3 10 68
2 7 12
1 13
2 72 7
2 47 12
2 56 12
1 3
3 33 34
3 38 44
2 18 13
1 4
3 1 73
2 52 5
3 31 33
2 9 6
1 17
1 14
3 48 65
1 33
1 0
1 16
3 76 92
2 64 10
1 10
1 16
3 61 89
1 62
2 71 20
3 4 64
3 64 80
3 31 81
2 42 1
3 6 86
3 31 32
1 15
1 34
2 63 26
2 30 8
2 69 28
1 95
3 6 64
68 428
63 7 27 63 50 23 6 8 47 5 40 7 52 51 41 52 44 9 44 52 39 19 47 44 51 14 50 25 14 40 40 14 47 3 13 33 26 19 42 9 25 18 17 13 5 58 1 50 3 46 38 42 1 21 23 52 35 9 14 50 49 54 0 32 58 13 2 20
1 20
1 6
2 23 16
3 5 5
3 29 51
3 23 56
3 6 57
1 27
2 48 7
2 41 7
2 27 21
2 47 22
3 57 59
3 22 29
1 27
1 59
1 51
3 7 40
3 57 64
3 3 67
2 10 9
2 38 21
3 23 56
1 10
1 22
3 52 59
3 11 12
1 30
2 37 21
3 25 41
2 44 31
3 41 60
1 18
2 4 20
2 36 27
2 66 17
2 66 30
1 9
2 39 21
1 44
1 46
1 58
2 35 5
2 16 13
3 43 61
2 26 32
2 9 12
3 19 30
2 18 29
3 37 67
3 43 56
3 35 45
2 10 14
3 26 35
3 9 59
1 42
3 7 65
1 14
1 50
2 18 21
3 28 63
3 8 51
3 18 64
3 12 51
1 5
3 51 64
1 13
3 10 20
1 28
3 21 33
2 66 7
2 34 3
3 42 56
3 30 39
2 22 15
3 27 36
2 19 32
1 45
1 49
1 61
3 17 27
3 25 45
3 23 23
1 64
1 54
2 33 15
3 40 63
3 0 31
2 59 12
3 8 33
2 26 16
3 20 53
3 5 19
2 50 13
2 2 29
1 53
2 64 8
1 7
2 46 14
1 5
3 2 21
2 25 10
3 10 53
2 59 23
1 31
1 32
1 60
2 53 23
1 66
2 5 2
1 34
2 39 13
3 1 2
2 26 1
1 22
1 39
2 20 11
3 38 60
3 27 38
1 31
2 28 30
1 14
1 22
1 29
2 32 31
1 6
1 36
3 6 56
3 6 43
2 44 9
1 0
2 11 14
3 12 36
3 23 34
3 32 45
1 55
3 52 65
2 42 9
2 30 20
2 36 27
1 18
2 19 10
1 22
3 45 58
2 22 28
2 7 15
1 10
2 3 25
1 8
1 42
1 38
2 5 1
2 23 27
1 35
2 58 2
3 54 56
1 61
2 51 2
1 11
3 15 28
2 31 21
1 10
2 22 31
2 19 8
3 36 59
3 37 41
1 54
2 58 28
1 46
3 4 15
1 17
1 46
2 9 22
2 24 28
3 42 43
3 41 61
1 29
2 7 13
3 38 54
1 45
2 57 23
1 62
2 43 4
1 5
1 23
1 63
1 18
2 46 4
1 4
2 18 9
3 15 63
3 8 53
3 56 66
2 1 28
1 58
1 67
3 20 22
2 10 8
2 42 30
1 31
1 31
1 5
3 0 54
3 8 48
2 15 13
1 59
2 50 21
2 53 8
3 15 58
1 8
2 50 17
2 37 17
2 42 24
3 42 50
2 67 31
2 14 11
2 30 19
3 30 56
1 41
2 65 4
2 9 29
1 50
2 19 23
1 65
1 58
3 1 60
2 15 28
2 5 14
2 23 32
3 8 21
3 3 60
1 36
2 46 6
1 61
3 2 66
1 3
1 49
3 57 59
1 13
2 26 4
3 6 49
3 27 65
2 57 15
1 15
3 24 61
1 17
1 26
1 0
3 11 57
3 9 48
3 30 63
2 24 1
2 63 18
3 18 50
1 40
1 34
2 36 30
3 34 35
2 34 31
2 31 11
1 19
3 5 49
1 12
2 26 1
1 35
2 61 9
3 38 60
1 22
3 7 45
2 19 32
1 53
2 16 20
2 36 7
3 23 52
1 8
1 22
2 37 24
1 53
3 23 59
1 13
2 21 10
1 0
2 53 17
3 10 63
2 46 11
1 1
3 10 65
1 27
1 54
3 39 55
1 55
2 0 25
2 21 3
2 1 11
1 12
1 40
2 10 4
2 19 10
3 30 37
3 34 66
1 62
3 6 10
1 17
3 17 39
1 46
3 7 56
2 53 16
1 49
1 54
1 42
2 12 18
3 10 26
1 62
2 0 3
3 17 63
3 12 64
3 24 66
3 28 54
2 12 21
1 57
3 6 39
2 51 32
2 62 6
3 7 11
1 20
1 53
3 5 25
1 8
3 6 67
2 18 31
3 34 54
2 40 5
1 3
1 57
3 56 59
2 66 17
2 29 21
1 13
2 55 6
2 61 14
3 35 67
2 29 22
1 12
2 26 27
3 21 23
3 15 17
2 13 30
1 61
1 40
3 44 46
1 55
1 64
2 39 31
3 1 31
3 22 51
1 9
3 32 54
2 55 4
1 37
3 30 55
1 35
1 44
1 48
3 0 52
1 54
3 17 17
2 0 25
3 9 33
2 50 20
2 37 23
3 7 46
2 46 11
1 23
2 11 29
1 8
2 63 22
3 12 62
1 2
1 62
1 30
1 2
3 40 62
1 18
1 44
3 22 34
1 57
3 9 23
3 4 32
1 27
1 16
2 26 12
3 1 25
2 3 27
2 52 17
2 32 11
3 66 67
1 23
2 46 18
2 18 7
2 53 18
2 33 30
1 56
2 57 22
1 55
1 64
3 53 61
3 25 43
3 23 56
1 26
2 39 8
2 56 27
1 59
1 2
2 58 21
2 47 10
2 56 25
2 41 25
2 66 4
3 29 37
3 38 56
1 25
1 60
3 15 32
3 34 59
1 55
3 20 45
2 49 13
2 17 15
